3213	1
5328	2
3938	3
4748	4
3956	5
1687	6
3968	7
237	8
2538	9
4289	10
3900	11
254	12
3949	13
3357	14
2384	15
4951	16
997	17
5859	18
407	19
4124	20
1966	21
5059	22
2275	23
1064	24
416	25
1037	26
416	27
737	28
1631	29
2239	30
2744	31
2627	32
4158	33
3905	34
3995	35
1259	36
587	37
5937	38
586	39
3862	40
1291	41
2617	42
6064	43
1421	44
3536	45
3863	46
3638	47
5664	48
629	49
6642	50
6519	51
4427	52
6301	53
215	54
1109	55
2174	56
4081	57
3475	58
3478	59
3479	60
609	61
891	62
2638	63
2719	64
739	65
4294	66
2716	67
2771	68
2265	69
6357	70
2964	71
3928	72
1601	73
4284	74
5335	75
5358	76
6463	77
397	78
1578	79
2819	80
168	81
5357	82
4919	83
6324	84
6476	85
2406	86
963	87
3254	88
3737	89
5253	90
2795	91
4055	92
4064	93
6050	94
4989	95
4175	96
6620	97
4031	98
618	99
317	100
317	101
528	102
1438	103
3934	104
2439	105
6521	106
5258	107
4455	108
3690	109
5254	110
503	111
3128	112
1789	113
5838	114
5680	115
1327	116
217	117
1619	118
2251	119
2688	120
5409	121
1316	122
1500	123
133	124
6669	125
803	126
3903	127
5996	128
4218	129
2403	130
952	131
6188	132
296	133
451	134
3126	135
558	136
880	137
940	138
5813	139
5898	140
105	141
5395	142
797	143
3942	144
4172	145
2437	146
540	147
5788	148
1145	149
3996	150
5284	151
4907	152
3828	153
2051	154
880	155
6120	156
3125	157
2534	158
740	159
3921	160
3070	161
2093	162
1302	163
647	164
2188	165
6286	166
6157	167
2815	168
2315	169
2089	170
5917	171
2867	172
6023	173
3237	174
4154	175
373	176
4624	177
372	178
2846	179
5889	180
5617	181
6019	182
3580	183
3148	184
4827	185
1650	186
1595	187
2049	188
219	189
784	190
325	191
5797	192
1367	193
893	194
2987	195
1696	196
5803	197
1582	198
1620	199
6400	200
3585	201
2158	202
3345	203
1685	204
3628	205
3781	206
849	207
5063	208
5017	209
1276	210
4058	211
1683	212
6071	213
875	214
1539	215
2528	216
5199	217
1771	218
296	219
2658	220
239	221
848	222
850	223
4102	224
879	225
3555	226
3556	227
581	228
1907	229
3275	230
1370	231
2563	232
4207	233
1584	234
4123	235
1239	236
2900	237
2767	238
3778	239
541	240
5381	241
3648	242
781	243
3597	244
2385	245
488	246
5827	247
653	248
2803	249
653	250
6317	251
790	252
623	253
2735	254
6172	255
6049	256
6340	257
6341	258
6346	259
6347	260
6342	261
6084	262
6343	263
6345	264
6046	265
6138	266
6303	267
6344	268
6305	269
2858	270
2936	271
6351	272
5765	273
5138	274
1681	275
2715	276
3414	277
3848	278
1546	279
709	280
5948	281
4082	282
491	283
3154	284
4258	285
5820	286
6319	287
2313	288
7	289
7	290
7	291
7	292
7	293
7	294
7	295
7	296
7	297
6296	298
3726	299
235	300
4116	301
1339	302
6223	303
840	304
1688	305
4048	306
437	307
437	308
4659	309
324	310
324	311
590	312
1126	313
5627	314
1221	315
821	316
6066	317
5739	318
6307	319
1586	320
105	321
6353	322
1965	323
3021	324
1456	325
18	326
7	327
7	328
7	329
7	330
7	331
7	332
7	333
7	334
7	335
7	336
7	337
18	338
7	339
18	340
18	341
18	342
18	343
18	344
18	345
18	346
18	347
18	348
7	349
18	350
18	351
18	352
18	353
18	354
18	355
18	356
3173	357
4086	358
4133	359
3233	360
6348	361
5800	362
5429	363
5861	364
3709	365
5633	366
5823	367
451	368
5361	369
5352	370
2967	371
462	372
500	373
4131	374
6151	375
1587	376
5043	377
3246	378
5355	379
1665	380
2646	381
3865	382
805	383
2976	384
5888	385
3841	386
3629	387
6350	388
3668	389
5171	390
6314	391
4137	392
6565	393
357	394
707	395
2844	396
3256	397
2169	398
4244	399
6204	400
1325	401
6163	402
6271	403
6264	404
6245	405
6162	406
1324	407
6095	408
798	409
3591	410
3188	411
3605	412
3491	413
3608	414
2120	415
2119	416
2063	417
2118	418
6573	419
6548	420
6545	421
2762	422
2930	423
2758	424
2521	425
2765	426
6647	427
4233	428
2148	429
2153	430
5030	431
5232	432
5091	433
5202	434
5094	435
4701	436
1399	437
1394	438
6033	439
6219	440
5088	441
2748	442
3676	443
2064	444
5854	445
6541	446
5428	447
845	448
3492	449
2919	450
45	451
543	452
4251	453
2311	454
5282	455
1708	456
1089	457
7	458
7	459
6475	460
5875	461
796	462
5391	463
6426	464
2129	465
6142	466
5846	467
1276	468
3353	469
5347	470
1654	471
2920	472
1320	473
3558	474
2779	475
1583	476
1330	477
1715	478
126	479
1952	480
825	481
6349	482
6622	483
4952	484
4703	485
3269	486
673	487
2954	488
3569	489
1627	490
3565	491
3532	492
3563	493
757	494
1282	495
845	496
6065	497
3918	498
4732	499
5743	500
5436	501
599	502
1139	503
3714	504
811	505
3507	506
3506	507
5630	508
6282	509
6057	510
6422	511
6352	512
5793	513
706	514
2045	515
3562	516
2487	517
909	518
4146	519
4204	520
1330	521
790	522
5246	523
2539	524
1082	525
1258	526
1258	527
2444	528
3234	529
4095	530
2098	531
5774	532
1532	533
1348	534
5744	535
5983	536
3203	537
4115	538
3503	539
6284	540
262	541
369	542
89	543
5742	544
4416	545
3	546
4737	547
135	548
575	549
1163	550
4458	551
3791	552
128	553
3561	554
4054	555
418	556
27	557
5814	558
4402	559
12	560
1186	561
2361	562
2318	563
537	564
959	565
395	566
2648	567
4029	568
4784	569
2602	570
1101	571
1017	572
139	573
1273	574
4627	575
3324	576
463	577
377	578
3889	579
927	580
6205	581
1991	582
5613	583
1570	584
5265	585
767	586
749	587
5065	588
275	589
297	590
1810	591
5496	592
2979	593
479	594
33	595
84	596
5215	597
4965	598
453	599
4021	600
157	601
103	602
183	603
5612	604
45	605
3534	606
2121	607
4774	608
3105	609
4915	610
893	611
103	612
642	613
6042	614
2077	615
625	616
2059	617
2469	618
620	619
129	620
157	621
109	622
640	623
77	624
220	625
6441	626
4	627
5509	628
181	629
214	630
843	631
4069	632
3349	633
276	634
17	635
99	636
4	637
241	638
856	639
102	640
1294	641
1794	642
4920	643
3255	644
4698	645
5040	646
3895	647
69	648
2	649
471	650
950	651
4908	652
49	653
197	654
994	655
1504	656
503	657
2267	658
1321	659
6369	660
1615	661
1249	662
2631	663
5657	664
3658	665
2332	666
1575	667
2117	668
5367	669
3000	670
628	671
5852	672
515	673
2	674
1948	675
23	676
459	677
1933	678
3159	679
6	680
4984	681
5149	682
122	683
2	684
51	685
50	686
4256	687
1267	688
3242	689
4147	690
170	691
4445	692
179	693
1311	694
26	695
33	696
142	697
3708	698
5515	699
2241	700
860	701
2189	702
5397	703
31	704
6330	705
682	706
6251	707
104	708
886	709
2937	710
3150	711
4795	712
5170	713
2145	714
1053	715
6493	716
6170	717
5221	718
1938	719
1891	720
2055	721
4959	722
1313	723
1378	724
1415	725
5007	726
306	727
600	728
148	729
17	730
4056	731
1934	732
765	733
2034	734
727	735
4644	736
3207	737
1120	738
589	739
31	740
83	741
184	742
11	743
401	744
1316	745
4589	746
4830	747
121	748
178	749
295	750
3402	751
3984	752
4130	753
833	754
3926	755
3976	756
5642	757
3215	758
760	759
6	760
3080	761
1559	762
4216	763
101	764
202	765
5710	766
5219	767
124	768
53	769
5	770
1	771
3588	772
2282	773
2356	774
758	775
2166	776
5438	777
24	778
3761	779
5591	780
192	781
5511	782
3	783
2877	784
6031	785
3428	786
1572	787
5492	788
2110	789
2307	790
4510	791
4411	792
538	793
2402	794
230	795
2559	796
520	797
52	798
706	799
4610	800
289	801
73	802
3980	803
4152	804
43	805
1	806
865	807
62	808
5654	809
5244	810
4548	811
42	812
1024	813
273	814
56	815
73	816
3749	817
5977	818
4	819
512	820
5189	821
158	822
4072	823
1425	824
2820	825
956	826
1279	827
441	828
72	829
407	830
945	831
483	832
5516	833
841	834
333	835
3	836
950	837
3191	838
3740	839
219	840
911	841
4149	842
1379	843
4316	844
1277	845
464	846
3717	847
5940	848
1232	849
74	850
4205	851
13	852
2489	853
113	854
102	855
2322	856
5271	857
36	858
1298	859
1171	860
1097	861
595	862
93	863
526	864
1917	865
6467	866
140	867
1599	868
6584	869
8	870
101	871
5720	872
1312	873
1140	874
977	875
641	876
87	877
164	878
5701	879
23	880
1281	881
2359	882
2052	883
630	884
6003	885
245	886
67	887
447	888
3424	889
867	890
851	891
59	892
469	893
119	894
518	895
5590	896
5181	897
287	898
1509	899
1150	900
5555	901
6292	902
27	903
4797	904
31	905
671	906
13	907
471	908
6192	909
4505	910
4429	911
1177	912
5493	913
1740	914
49	915
4612	916
562	917
4754	918
4476	919
5903	920
297	921
3632	922
3400	923
1270	924
5775	925
4581	926
962	927
167	928
250	929
6596	930
472	931
10	932
3771	933
2626	934
6276	935
5731	936
1125	937
4212	938
5665	939
736	940
738	941
596	942
4075	943
844	944
693	945
3818	946
525	947
6278	948
3462	949
5281	950
80	951
1143	952
40	953
5569	954
191	955
4728	956
6672	957
158	958
850	959
2709	960
869	961
1461	962
116	963
5756	964
848	965
1492	966
812	967
2805	968
874	969
24	970
898	971
8	972
459	973
6358	974
1356	975
519	976
2561	977
2749	978
607	979
1020	980
3839	981
1229	982
3518	983
3987	984
168	985
2580	986
6270	987
436	988
4978	989
343	990
176	991
2588	992
4905	993
3144	994
1216	995
976	996
4418	997
992	998
5985	999
934	1000
1600	1001
892	1002
408	1003
969	1004
5128	1005
885	1006
4535	1007
5938	1008
4196	1009
314	1010
3290	1011
4143	1012
3174	1013
3066	1014
1721	1015
5112	1016
6515	1017
6092	1018
6503	1019
2542	1020
6497	1021
5952	1022
400	1023
1094	1024
4573	1025
176	1026
1314	1027
176	1028
4574	1029
1113	1030
5240	1031
5855	1032
424	1033
916	1034
4532	1035
6247	1036
940	1037
1879	1038
5137	1039
6481	1040
2609	1041
266	1042
4608	1043
383	1044
3785	1045
438	1046
264	1047
5295	1048
907	1049
6244	1050
4852	1051
359	1052
3374	1053
937	1054
4684	1055
1045	1056
2608	1057
1249	1058
4398	1059
1268	1060
5807	1061
3263	1062
1374	1063
404	1064
998	1065
2048	1066
4803	1067
423	1068
423	1069
5251	1070
423	1071
4689	1072
530	1073
3548	1074
2733	1075
4	1076
6266	1077
266	1078
266	1079
2431	1080
912	1081
6461	1082
421	1083
11	1084
6173	1085
45	1086
173	1087
5782	1088
2699	1089
1643	1090
684	1091
2	1092
1945	1093
40	1094
5435	1095
6209	1096
698	1097
6043	1098
2879	1099
4725	1100
1291	1101
6304	1102
547	1103
1547	1104
2677	1105
33	1106
1848	1107
6108	1108
1038	1109
64	1110
5850	1111
2342	1112
2028	1113
3574	1114
760	1115
5679	1116
562	1117
554	1118
4118	1119
1707	1120
50	1121
3045	1122
4857	1123
4762	1124
223	1125
4796	1126
2141	1127
1548	1128
4188	1129
2995	1130
2623	1131
380	1132
1244	1133
282	1134
6520	1135
2228	1136
6222	1137
3214	1138
3530	1139
682	1140
3659	1141
4947	1142
5834	1143
6252	1144
668	1145
4794	1146
660	1147
5459	1148
2029	1149
5416	1150
2325	1151
446	1152
4916	1153
5081	1154
6195	1155
2628	1156
236	1157
503	1158
5891	1159
30	1160
3950	1161
834	1162
2809	1163
131	1164
1209	1165
1345	1166
1395	1167
6059	1168
3810	1169
1652	1170
6486	1171
3417	1172
2132	1173
598	1174
746	1175
4321	1176
598	1177
6405	1178
123	1179
4670	1180
364	1181
3082	1182
1103	1183
370	1184
5748	1185
304	1186
143	1187
6261	1188
367	1189
21	1190
3624	1191
288	1192
6039	1193
4104	1194
6241	1195
175	1196
618	1197
6306	1198
6581	1199
5133	1200
737	1201
3261	1202
1182	1203
1751	1204
1148	1205
400	1206
215	1207
3742	1208
121	1209
2207	1210
21	1211
6471	1212
2	1213
951	1214
633	1215
4438	1216
2851	1217
2854	1218
980	1219
470	1220
4942	1221
1269	1222
2718	1223
171	1224
3108	1225
524	1226
2056	1227
1022	1228
593	1229
47	1230
954	1231
2730	1232
2246	1233
447	1234
913	1235
369	1236
2281	1237
1122	1238
993	1239
4936	1240
4997	1241
6056	1242
6327	1243
5111	1244
6378	1245
5025	1246
1303	1247
3184	1248
1480	1249
30	1250
5156	1251
2202	1252
3284	1253
5662	1254
6488	1255
4890	1256
2043	1257
104	1258
242	1259
3775	1260
2636	1261
902	1262
3236	1263
266	1264
3840	1265
469	1266
6	1267
192	1268
2743	1269
6074	1270
3223	1271
3441	1272
5330	1273
3012	1274
2458	1275
1009	1276
1124	1277
6040	1278
418	1279
649	1280
5073	1281
4500	1282
6560	1283
1190	1284
2070	1285
567	1286
2966	1287
603	1288
5348	1289
5464	1290
5452	1291
4722	1292
2273	1293
1227	1294
2180	1295
858	1296
187	1297
903	1298
3064	1299
820	1300
5121	1301
2335	1302
2562	1303
901	1304
22	1305
109	1306
5696	1307
3	1308
3031	1309
14	1310
320	1311
302	1312
509	1313
4484	1314
65	1315
46	1316
5318	1317
1973	1318
508	1319
98	1320
60	1321
270	1322
3695	1323
3774	1324
332	1325
322	1326
1307	1327
438	1328
168	1329
1155	1330
4125	1331
250	1332
1919	1333
557	1334
3098	1335
3867	1336
3963	1337
718	1338
448	1339
3427	1340
6022	1341
3406	1342
4121	1343
110	1344
110	1345
148	1346
1009	1347
452	1348
2229	1349
522	1350
968	1351
5131	1352
3421	1353
301	1354
773	1355
1042	1356
165	1357
4360	1358
2429	1359
3283	1360
723	1361
677	1362
2643	1363
4405	1364
6274	1365
610	1366
3627	1367
1778	1368
40	1369
6005	1370
4917	1371
84	1372
289	1373
224	1374
3282	1375
3727	1376
351	1377
428	1378
4865	1379
4996	1380
1381	1381
4509	1382
4226	1383
4165	1384
5388	1385
748	1386
6212	1387
105	1388
315	1389
945	1390
4447	1391
28	1392
3755	1393
1133	1394
185	1395
5500	1396
795	1397
4239	1398
72	1399
104	1400
9	1401
36	1402
6418	1403
4355	1404
2162	1405
4349	1406
293	1407
1078	1408
374	1409
413	1410
3858	1411
4097	1412
4156	1413
4702	1414
6029	1415
193	1416
4334	1417
3836	1418
4011	1419
3281	1420
42	1421
204	1422
5870	1423
1351	1424
414	1425
6452	1426
2433	1427
1950	1428
1632	1429
539	1430
1341	1431
4562	1432
3698	1433
4522	1434
2554	1435
4592	1436
2297	1437
3264	1438
3652	1439
1908	1440
1092	1441
3979	1442
3953	1443
825	1444
5568	1445
1895	1446
2210	1447
403	1448
1227	1449
1977	1450
3436	1451
2069	1452
2044	1453
4743	1454
2941	1455
2376	1456
3606	1457
2998	1458
837	1459
6618	1460
4921	1461
6156	1462
4874	1463
4964	1464
4680	1465
382	1466
775	1467
5410	1468
393	1469
74	1470
4488	1471
4696	1472
4583	1473
426	1474
256	1475
5778	1476
14	1477
25	1478
3609	1479
2079	1480
2944	1481
5982	1482
866	1483
654	1484
174	1485
3312	1486
1044	1487
3576	1488
1675	1489
965	1490
192	1491
894	1492
1886	1493
2694	1494
2670	1495
5736	1496
1638	1497
1021	1498
1371	1499
5780	1500
5220	1501
6360	1502
604	1503
487	1504
342	1505
1565	1506
1785	1507
2368	1508
150	1509
4526	1510
4991	1511
1050	1512
5274	1513
1355	1514
3023	1515
1019	1516
4706	1517
9	1518
4271	1519
510	1520
4686	1521
871	1522
2594	1523
918	1524
5056	1525
1010	1526
6367	1527
5012	1528
5027	1529
5006	1530
5584	1531
4386	1532
5936	1533
3777	1534
3379	1535
4541	1536
1158	1537
5801	1538
3335	1539
1175	1540
5167	1541
41	1542
406	1543
719	1544
1237	1545
1295	1546
1026	1547
33	1548
1767	1549
129	1550
1041	1551
5377	1552
715	1553
5608	1554
1949	1555
1324	1556
6621	1557
153	1558
2888	1559
425	1560
32	1561
176	1562
879	1563
1010	1564
4775	1565
85	1566
298	1567
768	1568
372	1569
6101	1570
263	1571
6597	1572
374	1573
813	1574
849	1575
4317	1576
486	1577
3325	1578
960	1579
856	1580
819	1581
669	1582
4140	1583
1013	1584
3891	1585
4193	1586
257	1587
5119	1588
4909	1589
3035	1590
820	1591
4085	1592
852	1593
198	1594
3913	1595
4642	1596
3831	1597
4100	1598
1076	1599
3055	1600
1177	1601
49	1602
186	1603
16	1604
238	1605
3326	1606
572	1607
730	1608
13	1609
609	1610
1257	1611
1408	1612
1446	1613
21	1614
4603	1615
1223	1616
4974	1617
83	1618
3382	1619
5035	1620
1519	1621
1407	1622
4508	1623
426	1624
28	1625
54	1626
2980	1627
310	1628
1529	1629
3186	1630
792	1631
3093	1632
1470	1633
426	1634
422	1635
3852	1636
4088	1637
117	1638
444	1639
5	1640
1357	1641
646	1642
575	1643
4275	1644
1522	1645
560	1646
34	1647
1012	1648
39	1649
1203	1650
136	1651
143	1652
131	1653
1770	1654
36	1655
5062	1656
1541	1657
479	1658
286	1659
6356	1660
30	1661
109	1662
5483	1663
4665	1664
66	1665
705	1666
1129	1667
3430	1668
1088	1669
441	1670
564	1671
663	1672
313	1673
125	1674
310	1675
1195	1676
36	1677
1110	1678
4845	1679
2285	1680
227	1681
3861	1682
79	1683
3303	1684
229	1685
577	1686
36	1687
700	1688
5488	1689
460	1690
15	1691
1743	1692
4720	1693
1203	1694
47	1695
4767	1696
444	1697
54	1698
22	1699
342	1700
3815	1701
355	1702
52	1703
229	1704
468	1705
5176	1706
216	1707
1489	1708
1734	1709
5990	1710
4601	1711
428	1712
3394	1713
4312	1714
4715	1715
440	1716
440	1717
178	1718
1030	1719
2792	1720
804	1721
717	1722
70	1723
232	1724
29	1725
4408	1726
983	1727
439	1728
5049	1729
332	1730
128	1731
1686	1732
84	1733
1779	1734
1488	1735
6008	1736
234	1737
754	1738
1414	1739
169	1740
82	1741
4825	1742
339	1743
5118	1744
477	1745
1167	1746
66	1747
153	1748
246	1749
54	1750
1030	1751
5360	1752
5399	1753
467	1754
92	1755
4946	1756
1122	1757
54	1758
172	1759
2653	1760
1981	1761
213	1762
864	1763
206	1764
285	1765
1138	1766
4809	1767
1741	1768
4552	1769
1079	1770
86	1771
2672	1772
128	1773
6300	1774
375	1775
5646	1776
329	1777
4192	1778
3970	1779
4899	1780
2179	1781
2168	1782
4414	1783
1001	1784
5690	1785
4367	1786
393	1787
2666	1788
4851	1789
3792	1790
3	1791
4776	1792
448	1793
537	1794
680	1795
3751	1796
1914	1797
3930	1798
331	1799
2668	1800
5	1801
5446	1802
5534	1803
253	1804
1115	1805
440	1806
1263	1807
4498	1808
6403	1809
1431	1810
987	1811
5247	1812
5634	1813
3517	1814
1308	1815
501	1816
678	1817
2607	1818
5912	1819
2293	1820
6	1821
3674	1822
414	1823
2122	1824
5927	1825
402	1826
4153	1827
2011	1828
302	1829
2245	1830
355	1831
170	1832
4615	1833
52	1834
644	1835
164	1836
2536	1837
2314	1838
6627	1839
5268	1840
3342	1841
36	1842
4976	1843
1213	1844
254	1845
3988	1846
803	1847
3522	1848
280	1849
5331	1850
1228	1851
114	1852
88	1853
3883	1854
951	1855
5824	1856
936	1857
2390	1858
4087	1859
3650	1860
2094	1861
6588	1862
6661	1863
6649	1864
6600	1865
2409	1866
3022	1867
6431	1868
1716	1869
5448	1870
5451	1871
5450	1872
489	1873
5876	1874
1274	1875
258	1876
4220	1877
651	1878
377	1879
5104	1880
2291	1881
5394	1882
2018	1883
4543	1884
19	1885
5033	1886
6643	1887
4832	1888
55	1889
1877	1890
962	1891
3316	1892
6255	1893
695	1894
2116	1895
3937	1896
3512	1897
13	1898
442	1899
4777	1900
4538	1901
134	1902
2576	1903
4346	1904
1659	1905
79	1906
5881	1907
4480	1908
93	1909
4789	1910
1096	1911
5695	1912
52	1913
1703	1914
419	1915
3854	1916
36	1917
2555	1918
5442	1919
167	1920
3472	1921
2192	1922
3527	1923
6436	1924
229	1925
5607	1926
1813	1927
203	1928
4549	1929
297	1930
6507	1931
823	1932
2259	1933
6376	1934
2838	1935
390	1936
788	1937
2252	1938
6099	1939
6200	1940
3521	1941
2215	1942
4967	1943
6	1944
271	1945
4	1946
502	1947
4515	1948
227	1949
277	1950
3244	1951
1159	1952
5136	1953
610	1954
4953	1955
364	1956
6640	1957
1023	1958
340	1959
6535	1960
946	1961
3630	1962
128	1963
269	1964
654	1965
70	1966
2865	1967
275	1968
482	1969
32	1970
275	1971
169	1972
1967	1973
1953	1974
867	1975
2811	1976
5206	1977
278	1978
5234	1979
115	1980
4902	1981
4110	1982
360	1983
4026	1984
501	1985
72	1986
5528	1987
4439	1988
1013	1989
260	1990
3499	1991
4112	1992
1046	1993
4813	1994
5625	1995
4083	1996
5444	1997
5766	1998
382	1999
1087	2000
1208	2001
5298	2002
1510	2003
4840	2004
1344	2005
6628	2006
1896	2007
1002	2008
3026	2009
2435	2010
931	2011
430	2012
603	2013
1096	2014
328	2015
2701	2016
6377	2017
6143	2018
404	2019
2573	2020
4010	2021
208	2022
130	2023
3401	2024
5289	2025
394	2026
419	2027
726	2028
2289	2029
4442	2030
2021	2031
2373	2032
6630	2033
2	2034
924	2035
1363	2036
6075	2037
1429	2038
3041	2039
2955	2040
3713	2041
3551	2042
1590	2043
294	2044
857	2045
1078	2046
3230	2047
120	2048
4971	2049
219	2050
9	2051
4341	2052
1503	2053
6089	2054
2007	2055
1937	2056
1826	2057
683	2058
3067	2059
683	2060
107	2061
692	2062
3076	2063
6332	2064
1923	2065
260	2066
365	2067
806	2068
104	2069
890	2070
5836	2071
2621	2072
5002	2073
800	2074
173	2075
1087	2076
5993	2077
99	2078
334	2079
6100	2080
4781	2081
231	2082
162	2083
231	2084
2548	2085
5535	2086
461	2087
1255	2088
291	2089
56	2090
992	2091
1146	2092
33	2093
4834	2094
29	2095
6	2096
3481	2097
57	2098
12	2099
2075	2100
3619	2101
20	2102
4861	2103
3205	2104
5385	2105
210	2106
703	2107
23	2108
15	2109
3375	2110
29	2111
3464	2112
31	2113
49	2114
6386	2115
15	2116
3763	2117
4496	2118
98	2119
184	2120
87	2121
53	2122
9	2123
95	2124
746	2125
3797	2126
1160	2127
5	2128
3172	2129
1	2130
125	2131
55	2132
505	2133
124	2134
6007	2135
38	2136
26	2137
611	2138
57	2139
94	2140
172	2141
1359	2142
41	2143
2965	2144
1987	2145
4376	2146
2025	2147
180	2148
1063	2149
38	2150
15	2151
1142	2152
4274	2153
128	2154
1080	2155
294	2156
154	2157
4645	2158
4372	2159
147	2160
176	2161
904	2162
1169	2163
3909	2164
4791	2165
6468	2166
1187	2167
154	2168
72	2169
234	2170
62	2171
2726	2172
5109	2173
2213	2174
3618	2175
2220	2176
437	2177
2751	2178
2382	2179
734	2180
5895	2181
4788	2182
3519	2183
4655	2184
3779	2185
4628	2186
3552	2187
3702	2188
5792	2189
698	2190
3621	2191
659	2192
1562	2193
1658	2194
6218	2195
634	2196
971	2197
5093	2198
32	2199
2263	2200
5815	2201
86	2202
3110	2203
540	2204
3096	2205
750	2206
5932	2207
1614	2208
2090	2209
3439	2210
3685	2211
405	2212
5893	2213
5909	2214
6047	2215
3113	2216
949	2217
1473	2218
559	2219
2272	2220
990	2221
615	2222
62	2223
3660	2224
4230	2225
178	2226
1107	2227
1193	2228
3416	2229
2925	2230
1245	2231
1245	2232
5795	2233
4891	2234
2270	2235
2271	2236
2286	2237
1454	2238
860	2239
1221	2240
31	2241
2632	2242
4531	2243
2535	2244
743	2245
5365	2246
584	2247
1573	2248
4359	2249
4198	2250
3183	2251
688	2252
40	2253
402	2254
3786	2255
2828	2256
510	2257
4314	2258
872	2259
6460	2260
77	2261
96	2262
2126	2263
3227	2264
5764	2265
6409	2266
3747	2267
5114	2268
3005	2269
5260	2270
5057	2271
2565	2272
2460	2273
4358	2274
26	2275
930	2276
826	2277
311	2278
4391	2279
348	2280
182	2281
2654	2282
13	2283
3613	2284
3171	2285
1717	2286
3291	2287
354	2288
6387	2289
1787	2290
33	2291
5107	2292
6186	2293
303	2294
2184	2295
1	2296
4410	2297
2193	2298
2713	2299
1149	2300
6439	2301
37	2302
277	2303
2058	2304
527	2305
673	2306
953	2307
956	2308
390	2309
6610	2310
5376	2311
6	2312
321	2313
174	2314
427	2315
1629	2316
54	2317
2379	2318
2500	2319
3372	2320
3804	2321
2911	2322
3566	2323
6318	2324
6002	2325
1835	2326
2172	2327
584	2328
4815	2329
424	2330
576	2331
1765	2332
178	2333
1802	2334
4779	2335
6232	2336
4646	2337
4046	2338
242	2339
2254	2340
5733	2341
163	2342
3339	2343
6315	2344
5237	2345
4127	2346
36	2347
4514	2348
1876	2349
3450	2350
4594	2351
5095	2352
5575	2353
658	2354
332	2355
5383	2356
137	2357
47	2358
28	2359
5592	2360
28	2361
2279	2362
2794	2363
290	2364
74	2365
6206	2366
907	2367
5478	2368
1542	2369
711	2370
5777	2371
30	2372
2115	2373
1250	2374
3610	2375
645	2376
1246	2377
1996	2378
4269	2379
1110	2380
3299	2381
6384	2382
2448	2383
4972	2384
999	2385
6077	2386
160	2387
3601	2388
3590	2389
5026	2390
244	2391
4900	2392
5789	2393
831	2394
763	2395
186	2396
2918	2397
1719	2398
955	2399
3688	2400
6152	2401
46	2402
3560	2403
356	2404
545	2405
3266	2406
1040	2407
1066	2408
1444	2409
6619	2410
896	2411
213	2412
11	2413
1	2414
987	2415
116	2416
51	2417
1199	2418
57	2419
948	2420
1140	2421
4643	2422
2235	2423
1199	2424
2073	2425
196	2426
41	2427
2473	2428
325	2429
4	2430
323	2431
2139	2432
4325	2433
5546	2434
205	2435
5299	2436
401	2437
150	2438
3285	2439
3893	2440
664	2441
345	2442
5070	2443
738	2444
1075	2445
1091	2446
5458	2447
685	2448
6000	2449
1628	2450
6484	2451
6334	2452
3859	2453
6532	2454
6402	2455
3773	2456
3661	2457
522	2458
3800	2459
2883	2460
60	2461
1574	2462
3405	2463
6368	2464
1235	2465
2522	2466
1126	2467
186	2468
177	2469
10	2470
2793	2471
1306	2472
6165	2473
1135	2474
77	2475
140	2476
91	2477
22	2478
3179	2479
124	2480
2892	2481
2756	2482
4453	2483
134	2484
3270	2485
4716	2486
1874	2487
5291	2488
4894	2489
5069	2490
1185	2491
1172	2492
1151	2493
1904	2494
1238	2495
5275	2496
5753	2497
185	2498
4973	2499
50	2500
4	2501
472	2502
506	2503
10	2504
24	2505
6105	2506
75	2507
20	2508
3907	2509
2468	2510
1	2511
1	2512
1	2513
46	2514
1	2515
9	2516
1	2517
1	2518
1	2519
118	2520
118	2521
9	2522
9	2523
1	2524
9	2525
46	2526
1	2527
1	2528
1214	2529
103	2530
2461	2531
1653	2532
1666	2533
187	2534
5294	2535
3002	2536
4151	2537
6598	2538
964	2539
200	2540
6455	2541
114	2542
1468	2543
97	2544
97	2545
97	2546
37	2547
1204	2548
520	2549
1240	2550
3505	2551
5154	2552
1047	2553
2894	2554
3769	2555
2249	2556
2212	2557
2584	2558
2266	2559
2217	2560
617	2561
2397	2562
2257	2563
637	2564
2415	2565
2544	2566
2545	2567
2546	2568
2551	2569
2549	2570
630	2571
1085	2572
3697	2573
1656	2574
939	2575
776	2576
1067	2577
169	2578
1581	2579
221	2580
2798	2581
4345	2582
612	2583
535	2584
1612	2585
1266	2586
2036	2587
123	2588
30	2589
986	2590
5248	2591
241	2592
922	2593
28	2594
46	2595
1	2596
82	2597
82	2598
82	2599
2808	2600
259	2601
79	2602
5	2603
589	2604
5222	2605
122	2606
96	2607
62	2608
26	2609
24	2610
60	2611
5605	2612
25	2613
11	2614
2640	2615
5799	2616
6495	2617
5955	2618
3057	2619
1139	2620
429	2621
1032	2622
2890	2623
2047	2624
205	2625
452	2626
1262	2627
3156	2628
78	2629
59	2630
22	2631
57	2632
1234	2633
5915	2634
3564	2635
2222	2636
19	2637
4119	2638
1453	2639
218	2640
177	2641
2903	2642
139	2643
107	2644
4494	2645
167	2646
16	2647
248	2648
1095	2649
5755	2650
2	2651
3	2652
386	2653
240	2654
1114	2655
318	2656
4753	2657
3165	2658
1025	2659
4113	2660
3410	2661
1351	2662
80	2663
4504	2664
2657	2665
2891	2666
2300	2667
5757	2668
3760	2669
1077	2670
1531	2671
1475	2672
2074	2673
1409	2674
5645	2675
523	2676
523	2677
601	2678
5638	2679
5021	2680
2789	2681
1439	2682
6542	2683
615	2684
6121	2685
366	2686
4878	2687
1038	2688
3107	2689
2661	2690
4259	2691
3595	2692
11	2693
45	2694
210	2695
3155	2696
1303	2697
3663	2698
5585	2699
106	2700
570	2701
3477	2702
1317	2703
2218	2704
1314	2705
934	2706
712	2707
4474	2708
4424	2709
395	2710
395	2711
595	2712
3032	2713
406	2714
3664	2715
235	2716
1209	2717
4620	2718
4380	2719
1350	2720
3	2721
1416	2722
661	2723
1663	2724
4126	2725
783	2726
117	2727
3768	2728
1445	2729
4145	2730
299	2731
3210	2732
4037	2733
4214	2734
1793	2735
376	2736
5673	2737
1875	2738
177	2739
293	2740
4771	2741
2869	2742
6070	2743
411	2744
694	2745
3069	2746
795	2747
236	2748
564	2749
4180	2750
1370	2751
835	2752
4638	2753
139	2754
60	2755
83	2756
636	2757
1108	2758
2599	2759
3212	2760
4074	2761
857	2762
3887	2763
903	2764
355	2765
6502	2766
6501	2767
827	2768
4749	2769
4895	2770
4744	2771
3305	2772
3787	2773
46	2774
1774	2775
1639	2776
1758	2777
63	2778
3944	2779
3939	2780
1986	2781
234	2782
2320	2783
4609	2784
186	2785
306	2786
3568	2787
111	2788
1671	2789
4431	2790
1491	2791
1850	2792
6379	2793
41	2794
71	2795
5698	2796
2968	2797
3363	2798
4799	2799
604	2800
6489	2801
995	2802
1423	2803
3600	2804
3054	2805
1183	2806
3920	2807
2151	2808
4404	2809
130	2810
1211	2811
855	2812
6211	2813
6428	2814
5393	2815
26	2816
14	2817
23	2818
179	2819
6072	2820
3772	2821
6523	2822
68	2823
4014	2824
981	2825
3253	2826
33	2827
256	2828
218	2829
906	2830
1460	2831
2157	2832
2540	2833
4802	2834
3879	2835
39	2836
1207	2837
466	2838
46	2839
1228	2840
65	2841
3195	2842
155	2843
285	2844
6499	2845
273	2846
6032	2847
137	2848
50	2849
9	2850
179	2851
2712	2852
1385	2853
1862	2854
5224	2855
1735	2856
2084	2857
3577	2858
124	2859
3725	2860
2703	2861
69	2862
6249	2863
4430	2864
6081	2865
755	2866
16	2867
2949	2868
36	2869
3914	2870
1037	2871
2428	2872
2745	2873
164	2874
1674	2875
2947	2876
5641	2877
5110	2878
4660	2879
59	2880
1060	2881
381	2882
78	2883
2351	2884
2953	2885
262	2886
5853	2887
713	2888
5984	2889
223	2890
697	2891
5315	2892
578	2893
251	2894
4454	2895
3474	2896
214	2897
5747	2898
2578	2899
1682	2900
4	2901
2017	2902
5421	2903
1271	2904
3459	2905
3049	2906
1391	2907
6458	2908
3572	2909
59	2910
802	2911
895	2912
4062	2913
5531	2914
29	2915
5280	2916
3153	2917
1916	2918
3378	2919
422	2920
320	2921
481	2922
4285	2923
552	2924
4296	2925
2818	2926
3981	2927
6198	2928
2486	2929
996	2930
957	2931
2238	2932
283	2933
376	2934
65	2935
2398	2936
478	2937
2634	2938
4738	2939
264	2940
5238	2941
253	2942
344	2943
6550	2944
6090	2945
5235	2946
711	2947
2031	2948
53	2949
6110	2950
752	2951
2370	2952
1069	2953
574	2954
2721	2955
166	2956
2324	2957
3947	2958
3043	2959
5187	2960
1455	2961
6524	2962
5447	2963
771	2964
6530	2965
248	2966
4231	2967
5462	2968
3042	2969
1066	2970
354	2971
920	2972
29	2973
14	2974
179	2975
360	2976
1280	2977
5	2978
542	2979
1192	2980
279	2981
469	2982
504	2983
165	2984
4926	2985
279	2986
28	2987
162	2988
1343	2989
141	2990
339	2991
3849	2992
5	2993
634	2994
238	2995
281	2996
2422	2997
6392	2998
91	2999
782	3000
989	3001
4537	3002
472	3003
1508	3004
74	3005
118	3006
26	3007
111	3008
73	3009
5474	3010
2600	3011
2895	3012
4065	3013
335	3014
2676	3015
5058	3016
6408	3017
2706	3018
1256	3019
4169	3020
2732	3021
1365	3022
5969	3023
2656	3024
1605	3025
41	3026
5879	3027
2185	3028
83	3029
81	3030
695	3031
79	3032
56	3033
4497	3034
2913	3035
114	3036
102	3037
22	3038
502	3039
318	3040
2974	3041
3201	3042
162	3043
5501	3044
990	3045
6498	3046
5735	3047
702	3048
3704	3049
47	3050
50	3051
460	3052
2	3053
11	3054
415	3055
12	3056
4778	3057
53	3058
19	3059
4	3060
118	3061
19	3062
135	3063
2108	3064
5198	3065
1377	3066
6098	3067
536	3068
1	3069
8	3070
525	3071
975	3072
379	3073
4348	3074
5424	3075
1440	3076
1497	3077
3454	3078
2498	3079
1757	3080
2111	3081
1720	3082
2683	3083
5600	3084
5577	3085
364	3086
3599	3087
4106	3088
3359	3089
2442	3090
635	3091
4015	3092
2432	3093
1417	3094
2807	3095
3364	3096
6383	3097
2247	3098
5301	3099
2010	3100
491	3101
2938	3102
1365	3103
3451	3104
6505	3105
2135	3106
2173	3107
2269	3108
1738	3109
2862	3110
2916	3111
2922	3112
1900	3113
5325	3114
1002	3115
2678	3116
3422	3117
4867	3118
2454	3119
76	3120
6051	3121
157	3122
101	3123
76	3124
76	3125
1215	3126
157	3127
157	3128
46	3129
9	3130
6424	3131
4050	3132
5487	3133
1302	3134
1805	3135
69	3136
3438	3137
1568	3138
148	3139
1	3140
4529	3141
4006	3142
1113	3143
207	3144
1432	3145
1147	3146
5217	3147
4223	3148
4634	3149
843	3150
5953	3151
2176	3152
5703	3153
1371	3154
4886	3155
3418	3156
4415	3157
375	3158
4950	3159
5872	3160
8	3161
665	3162
59	3163
1375	3164
6599	3165
527	3166
44	3167
2834	3168
2804	3169
5425	3170
3748	3171
2147	3172
1256	3173
4390	3174
687	3175
5601	3176
546	3177
2128	3178
3052	3179
6273	3180
5604	3181
310	3182
344	3183
889	3184
3423	3185
4994	3186
267	3187
5378	3188
842	3189
6260	3190
4575	3191
6509	3192
445	3193
770	3194
1550	3195
686	3196
143	3197
349	3198
2763	3199
4406	3200
1804	3201
4808	3202
4968	3203
307	3204
3898	3205
4492	3206
4466	3207
3741	3208
125	3209
3038	3210
5594	3211
4361	3212
1349	3213
2363	3214
8	3215
1007	3216
1360	3217
180	3218
1338	3219
3860	3220
3004	3221
36	3222
597	3223
412	3224
123	3225
905	3226
700	3227
358	3228
5933	3229
61	3230
4283	3231
2884	3232
4383	3233
5190	3234
3176	3235
3071	3236
5666	3237
943	3238
10	3239
23	3240
1507	3241
122	3242
300	3243
167	3244
1189	3245
87	3246
2485	3247
943	3248
1990	3249
433	3250
23	3251
2495	3252
516	3253
471	3254
487	3255
5543	3256
45	3257
73	3258
1637	3259
2590	3260
4750	3261
4730	3262
1406	3263
2167	3264
3228	3265
735	3266
4477	3267
5750	3268
1727	3269
107	3270
3586	3271
14	3272
35	3273
4185	3274
139	3275
4584	3276
1951	3277
5857	3278
113	3279
1097	3280
511	3281
1906	3282
1958	3283
1816	3284
1979	3285
1760	3286
1947	3287
545	3288
1799	3289
1726	3290
1742	3291
1940	3292
833	3293
1190	3294
6413	3295
1993	3296
140	3297
492	3298
16	3299
122	3300
61	3301
99	3302
676	3303
6155	3304
6210	3305
1301	3306
521	3307
4040	3308
38	3309
1808	3310
2413	3311
4731	3312
3252	3313
2928	3314
1232	3315
5400	3316
56	3317
49	3318
6184	3319
22	3320
111	3321
4227	3322
5	3323
3793	3324
3287	3325
982	3326
5976	3327
44	3328
34	3329
143	3330
90	3331
90	3332
3189	3333
5737	3334
336	3335
1127	3336
449	3337
4419	3338
15	3339
465	3340
925	3341
468	3342
48	3343
41	3344
15	3345
27	3346
385	3347
1294	3348
119	3349
15	3350
143	3351
5350	3352
27	3353
147	3354
13	3355
485	3356
4569	3357
1106	3358
199	3359
118	3360
2231	3361
4772	3362
3232	3363
4384	3364
360	3365
5151	3366
131	3367
107	3368
432	3369
878	3370
3395	3371
5995	3372
2801	3373
2693	3374
3677	3375
4209	3376
477	3377
1188	3378
75	3379
207	3380
182	3381
810	3382
14	3383
865	3384
1824	3385
1297	3386
1297	3387
4159	3388
1081	3389
1554	3390
1754	3391
6547	3392
203	3393
69	3394
196	3395
39	3396
26	3397
2244	3398
509	3399
5571	3400
13	3401
34	3402
51	3403
1436	3404
841	3405
4855	3406
4422	3407
1867	3408
5992	3409
5573	3410
1644	3411
3864	3412
366	3413
50	3414
22	3415
2952	3416
870	3417
353	3418
64	3419
4626	3420
3965	3421
4889	3422
238	3423
3497	3424
5161	3425
809	3426
6243	3427
588	3428
162	3429
3493	3430
4986	3431
1	3432
741	3433
281	3434
304	3435
787	3436
231	3437
665	3438
164	3439
1100	3440
1052	3441
2722	3442
150	3443
378	3444
225	3445
4591	3446
293	3447
58	3448
768	3449
4837	3450
2904	3451
31	3452
3072	3453
237	3454
4568	3455
84	3456
411	3457
3488	3458
2981	3459
149	3460
123	3461
3665	3462
2	3463
4475	3464
1111	3465
5346	3466
445	3467
251	3468
4363	3469
4588	3470
2816	3471
5084	3472
2080	3473
274	3474
368	3475
528	3476
1005	3477
78	3478
348	3479
6	3480
128	3481
1107	3482
5066	3483
4542	3484
495	3485
32	3486
67	3487
3525	3488
5231	3489
4487	3490
6604	3491
6045	3492
1214	3493
5443	3494
1544	3495
5200	3496
1690	3497
522	3498
2292	3499
2741	3500
838	3501
3718	3502
3039	3503
2935	3504
5998	3505
175	3506
4726	3507
4001	3508
613	3509
6063	3510
3461	3511
4370	3512
4559	3513
2685	3514
4666	3515
4315	3516
2378	3517
712	3518
4782	3519
1626	3520
6265	3521
2352	3522
5886	3523
1323	3524
2234	3525
6214	3526
2533	3527
5841	3528
4381	3529
6636	3530
2857	3531
2647	3532
5468	3533
3217	3534
1315	3535
164	3536
4293	3537
5108	3538
2589	3539
3736	3540
1617	3541
932	3542
5197	3543
626	3544
247	3545
1269	3546
2991	3547
258	3548
6512	3549
2430	3550
3911	3551
4224	3552
1563	3553
5749	3554
4181	3555
4232	3556
4923	3557
2237	3558
6586	3559
6608	3560
744	3561
2060	3562
4108	3563
3538	3564
1274	3565
5636	3566
4930	3567
3877	3568
2164	3569
3649	3570
4806	3571
2441	3572
427	3573
5103	3574
4674	3575
4871	3576
1588	3577
1812	3578
1068	3579
1068	3580
2287	3581
5905	3582
5776	3583
488	3584
532	3585
4513	3586
1679	3587
1318	3588
2258	3589
1116	3590
356	3591
135	3592
8	3593
3009	3594
137	3595
5918	3596
1253	3597
5160	3598
967	3599
4365	3600
5681	3601
3553	3602
4304	3603
4238	3604
3248	3605
1607	3606
253	3607
606	3608
772	3609
922	3610
380	3611
5339	3612
3817	3613
346	3614
998	3615
4981	3616
6406	3617
4502	3618
2994	3619
958	3620
5210	3621
263	3622
338	3623
3899	3624
2782	3625
5901	3626
274	3627
5644	3628
1502	3629
6137	3630
479	3631
1029	3632
4425	3633
58	3634
1718	3635
1028	3636
4437	3637
2874	3638
5578	3639
71	3640
935	3641
583	3642
3412	3643
3320	3644
6435	3645
3784	3646
1234	3647
1369	3648
4948	3649
4641	3650
3635	3651
5300	3652
1	3653
4385	3654
705	3655
885	3656
3542	3657
5714	3658
3122	3659
6119	3660
3540	3661
6	3662
1069	3663
939	3664
5833	3665
5751	3666
5910	3667
1611	3668
362	3669
3842	3670
942	3671
2556	3672
4600	3673
4669	3674
6035	3675
5368	3676
1746	3677
5928	3678
1225	3679
4067	3680
6447	3681
3656	3682
519	3683
650	3684
313	3685
929	3686
111	3687
2328	3688
905	3689
378	3690
1976	3691
763	3692
5826	3693
1021	3694
4770	3695
1098	3696
1098	3697
1781	3698
4664	3699
89	3700
1154	3701
1154	3702
2776	3703
2613	3704
2942	3705
2411	3706
1275	3707
854	3708
2	3709
5812	3710
4928	3711
2728	3712
3432	3713
6109	3714
3820	3715
5686	3716
255	3717
1109	3718
596	3719
3487	3720
15	3721
67	3722
777	3723
3319	3724
4045	3725
263	3726
3456	3727
6052	3728
356	3729
4353	3730
305	3731
3015	3732
239	3733
1115	3734
5566	3735
3876	3736
1358	3737
6248	3738
5055	3739
5908	3740
5669	3741
4171	3742
1052	3743
3	3744
1963	3745
614	3746
2691	3747
6167	3748
1647	3749
5139	3750
4428	3751
2893	3752
6429	3753
4566	3754
1264	3755
3897	3756
3869	3757
809	3758
965	3759
5099	3760
704	3761
3044	3762
3821	3763
1313	3764
2679	3765
311	3766
565	3767
6183	3768
4605	3769
5039	3770
917	3771
6293	3772
150	3773
2929	3774
2737	3775
949	3776
1229	3777
2882	3778
4906	3779
233	3780
3288	3781
4298	3782
199	3783
6	3784
4887	3785
744	3786
1969	3787
6454	3788
5120	3789
4270	3790
3356	3791
6555	3792
319	3793
4421	3794
6587	3795
4467	3796
3686	3797
1861	3798
4043	3799
495	3800
2	3801
4098	3802
3192	3803
4640	3804
5272	3805
1026	3806
6644	3807
871	3808
2724	3809
4512	3810
151	3811
2250	3812
3358	3813
1219	3814
6518	3815
3640	3816
1971	3817
412	3818
308	3819
5950	3820
242	3821
948	3822
387	3823
40	3824
5307	3825
4090	3826
4027	3827
6355	3828
116	3829
150	3830
586	3831
30	3832
2885	3833
441	3834
205	3835
2464	3836
901	3837
742	3838
1166	3839
4076	3840
39	3841
6479	3842
173	3843
2673	3844
6001	3845
3034	3846
5303	3847
3642	3848
114	3849
6390	3850
5843	3851
3550	3852
3687	3853
5609	3854
3501	3855
3143	3856
1556	3857
178	3858
3906	3859
1145	3860
3991	3861
793	3862
5691	3863
608	3864
1359	3865
43	3866
2761	3867
31	3868
99	3869
278	3870
31	3871
466	3872
15	3873
20	3874
41	3875
230	3876
3249	3877
1340	3878
352	3879
6382	3880
5141	3881
1277	3882
1994	3883
1809	3884
1903	3885
3689	3886
313	3887
4195	3888
4020	3889
4801	3890
4843	3891
1278	3892
6004	3893
6011	3894
6651	3895
4236	3896
684	3897
3495	3898
110	3899
6	3900
114	3901
1128	3902
221	3903
24	3904
112	3905
89	3906
1549	3907
1039	3908
1172	3909
406	3910
249	3911
6148	3912
4432	3913
1004	3914
4904	3915
1551	3916
6124	3917
947	3918
8	3919
594	3920
2660	3921
5635	3922
3404	3923
166	3924
6221	3925
6544	3926
6430	3927
6365	3928
1911	3929
300	3930
300	3931
148	3932
103	3933
181	3934
148	3935
1552	3936
2786	3937
783	3938
3073	3939
3409	3940
2424	3941
5991	3942
4824	3943
108	3944
670	3945
48	3946
2614	3947
298	3948
77	3949
5018	3950
1086	3951
550	3952
3616	3953
249	3954
919	3955
4838	3956
4007	3957
2	3958
5	3959
4128	3960
4486	3961
4697	3962
3720	3963
4539	3964
2682	3965
898	3966
792	3967
6631	3968
215	3969
648	3970
6279	3971
822	3972
457	3973
74	3974
1387	3975
2256	3976
6179	3977
4621	3978
4818	3979
3604	3980
6438	3981
4	3982
5089	3983
6639	3984
5	3985
3672	3986
6374	3987
138	3988
1131	3989
26	3990
5659	3991
5297	3992
5186	3993
3730	3994
152	3995
2927	3996
6634	3997
1699	3998
467	3999
82	4000
127	4001
1257	4002
25	4003
5259	4004
13	4005
6239	4006
6297	4007
526	4008
11	4009
17	4010
302	4011
5283	4012
2494	4013
85	4014
2826	4015
198	4016
4682	4017
1	4018
2	4019
89	4020
3890	4021
3915	4022
1469	4023
2570	4024
4790	4025
1108	4026
51	4027
1331	4028
5550	4029
262	4030
1841	4031
29	4032
3292	4033
3331	4034
1836	4035
60	4036
111	4037
27	4038
159	4039
15	4040
1526	4041
6111	4042
1800	4043
2065	4044
5769	4045
1014	4046
75	4047
555	4048
44	4049
1073	4050
82	4051
1376	4052
2280	4053
1873	4054
1462	4055
567	4056
433	4057
4870	4058
874	4059
190	4060
2261	4061
2465	4062
470	4063
35	4064
212	4065
11	4066
579	4067
21	4068
2736	4069
1490	4070
303	4071
53	4072
112	4073
1483	4074
1852	4075
5559	4076
243	4077
4138	4078
1761	4079
1890	4080
156	4081
35	4082
968	4083
1451	4084
1543	4085
89	4086
1442	4087
4849	4088
5542	4089
61	4090
1252	4091
82	4092
5233	4093
2707	4094
27	4095
771	4096
337	4097
2262	4098
3957	4099
90	4100
292	4101
230	4102
4191	4103
876	4104
293	4105
978	4106
5028	4107
1622	4108
3131	4109
13	4110
4472	4111
2606	4112
5411	4113
194	4114
6272	4115
17	4116
88	4117
608	4118
5441	4119
396	4120
5276	4121
4656	4122
988	4123
5730	4124
6131	4125
5507	4126
4378	4127
817	4128
638	4129
693	4130
985	4131
3302	4132
3147	4133
5762	4134
5	4135
3631	4136
728	4137
919	4138
2870	4139
4848	4140
1156	4141
247	4142
27	4143
108	4144
3377	4145
806	4146
73	4147
4305	4148
347	4149
133	4150
1120	4151
481	4152
172	4153
357	4154
149	4155
152	4156
170	4157
341	4158
71	4159
1049	4160
1236	4161
6	4162
3654	4163
4567	4164
409	4165
127	4166
3573	4167
2992	4168
3317	4169
4352	4170
2519	4171
2605	4172
639	4173
3137	4174
3712	4175
1426	4176
455	4177
2223	4178
5408	4179
493	4180
3636	4181
3796	4182
3620	4183
3014	4184
253	4185
1902	4186
4811	4187
3060	4188
681	4189
10	4190
2306	4191
6522	4192
196	4193
5832	4194
1144	4195
402	4196
96	4197
5076	4198
6197	4199
4278	4200
6590	4201
349	4202
4649	4203
452	4204
1074	4205
4875	4206
14	4207
165	4208
209	4209
710	4210
65	4211
12	4212
5211	4213
5262	4214
4557	4215
388	4216
51	4217
5250	4218
3476	4219
399	4220
2993	4221
19	4222
3721	4223
492	4224
278	4225
4704	4226
5882	4227
126	4228
1724	4229
4042	4230
376	4231
2948	4232
1393	4233
5155	4234
4005	4235
4679	4236
5718	4237
5340	4238
1450	4239
4812	4240
1165	4241
565	4242
1864	4243
56	4244
58	4245
474	4246
5545	4247
1922	4248
1304	4249
5957	4250
4382	4251
6537	4252
210	4253
3100	4254
92	4255
1201	4256
3882	4257
2596	4258
2201	4259
5354	4260
96	4261
112	4262
4489	4263
1211	4264
708	4265
1334	4266
2850	4267
432	4268
1606	4269
87	4270
5485	4271
4846	4272
101	4273
40	4274
40	4275
1471	4276
787	4277
3460	4278
670	4279
3118	4280
3969	4281
4741	4282
5011	4283
171	4284
2336	4285
134	4286
1160	4287
3027	4288
1882	4289
2541	4290
482	4291
3596	4292
79	4293
1	4294
1	4295
9	4296
46	4297
2960	4298
419	4299
256	4300
1149	4301
957	4302
2346	4303
138	4304
2357	4305
2208	4306
1648	4307
378	4308
6556	4309
229	4310
1899	4311
4765	4312
3314	4313
5829	4314
3170	4315
122	4316
921	4317
5304	4318
5847	4319
35	4320
6337	4321
3323	4322
2005	4323
302	4324
3216	4325
5106	4326
97	4327
5370	4328
29	4329
14	4330
2723	4331
6280	4332
2855	4333
55	4334
55	4335
5606	4336
5407	4337
4309	4338
3142	4339
1441	4340
2587	4341
2211	4342
2514	4343
1477	4344
3134	4345
2374	4346
21	4347
1353	4348
20	4349
2652	4350
3350	4351
1045	4352
1569	4353
973	4354
627	4355
3955	4356
5037	4357
4859	4358
2	4359
4	4360
2112	4361
2517	4362
551	4363
2416	4364
733	4365
2887	4366
6654	4367
6203	4368
327	4369
120	4370
2897	4371
1003	4372
424	4373
382	4374
130	4375
130	4376
3801	4377
591	4378
331	4379
109	4380
5205	4381
216	4382
5327	4383
1095	4384
1267	4385
5722	4386
929	4387
2958	4388
5965	4389
2419	4390
1016	4391
4786	4392
189	4393
11	4394
81	4395
159	4396
53	4397
53	4398
2957	4399
1176	4400
1597	4401
1	4402
291	4403
5311	4404
155	4405
192	4406
41	4407
2248	4408
2625	4409
5851	4410
6166	4411
5925	4412
4540	4413
5320	4414
6569	4415
9	4416
408	4417
1065	4418
100	4419
1930	4420
4374	4421
883	4422
5767	4423
350	4424
3498	4425
1035	4426
1798	4427
6525	4428
5885	4429
5312	4430
1763	4431
3646	4432
5831	4433
1180	4434
3805	4435
271	4436
5785	4437
168	4438
2	4439
4913	4440
778	4441
1186	4442
5708	4443
177	4444
133	4445
2637	4446
550	4447
52	4448
4506	4449
568	4450
946	4451
1106	4452
2769	4453
137	4454
3240	4455
5986	4456
493	4457
3623	4458
1290	4459
5051	4460
4982	4461
3700	4462
1072	4463
248	4464
1325	4465
5863	4466
932	4467
1538	4468
1603	4469
1576	4470
4596	4471
4595	4472
2619	4473
3079	4474
1481	4475
4980	4476
296	4477
226	4478
5658	4479
5970	4480
2181	4481
5	4482
1618	4483
167	4484
181	4485
487	4486
1566	4487
1284	4488
122	4489
1921	4490
1803	4491
90	4492
4676	4493
43	4494
5229	4495
3693	4496
6664	4497
1191	4498
1162	4499
1217	4500
5907	4501
514	4502
4	4503
1181	4504
5704	4505
49	4506
5285	4507
3696	4508
3978	4509
2175	4510
2204	4511
2783	4512
3735	4513
129	4514
6399	4515
3967	4516
774	4517
3756	4518
22	4519
81	4520
1764	4521
19	4522
5341	4523
80	4524
3667	4525
6575	4526
1	4527
33	4528
5962	4529
5389	4530
4047	4531
4	4532
4604	4533
889	4534
62	4535
4323	4536
10	4537
5968	4538
2700	4539
191	4540
115	4541
5494	4542
222	4543
233	4544
5517	4545
504	4546
189	4547
979	4548
2757	4549
281	4550
4929	4551
5430	4552
8	4553
5524	4554
198	4555
154	4556
52	4557
13	4558
766	4559
9	4560
2827	4561
144	4562
32	4563
4148	4564
141	4565
1055	4566
5689	4567
5597	4568
2274	4569
60	4570
307	4571
1825	4572
2	4573
2	4574
5845	4575
6339	4576
4394	4577
6333	4578
2880	4579
1692	4580
1237	4581
4939	4582
5042	4583
32	4584
48	4585
1236	4586
5208	4587
1478	4588
136	4589
5791	4590
24	4591
2137	4592
1321	4593
27	4594
12	4595
3338	4596
6006	4597
1892	4598
346	4599
3615	4600
1957	4601
1224	4602
3651	4603
5942	4604
5988	4605
1389	4606
6132	4607
861	4608
646	4609
389	4610
400	4611
1863	4612
2097	4613
1820	4614
1380	4615
3077	4616
808	4617
5286	4618
126	4619
5124	4620
3280	4621
241	4622
3003	4623
50	4624
145	4625
92	4626
517	4627
517	4628
10	4629
10	4630
6646	4631
5456	4632
2418	4633
2618	4634
4652	4635
29	4636
2019	4637
180	4638
1476	4639
6277	4640
3559	4641
4864	4642
543	4643
938	4644
217	4645
5147	4646
617	4647
3	4648
44	4649
35	4650
35	4651
44	4652
35	4653
3088	4654
57	4655
22	4656
44	4657
5954	4658
165	4659
353	4660
692	4661
691	4662
5	4663
19	4664
3759	4665
2507	4666
2591	4667
4008	4668
1641	4669
5	4670
3051	4671
775	4672
726	4673
295	4674
2686	4675
201	4676
201	4677
156	4678
1333	4679
553	4680
4740	4681
1831	4682
6407	4683
3059	4684
1604	4685
2552	4686
755	4687
1032	4688
964	4689
961	4690
198	4691
4412	4692
1178	4693
10	4694
4	4695
1286	4696
10	4697
280	4698
1557	4699
758	4700
2785	4701
6	4702
6	4703
5924	4704
1252	4705
3168	4706
4229	4707
5668	4708
1094	4709
5921	4710
297	4711
4546	4712
6158	4713
6423	4714
6421	4715
1336	4716
1516	4717
1102	4718
2905	4719
613	4720
5880	4721
5760	4722
2506	4723
2868	4724
511	4725
267	4726
4203	4727
2579	4728
6233	4729
6331	4730
394	4731
6580	4732
762	4733
102	4734
5009	4735
6290	4736
1960	4737
5926	4738
1528	4739
2389	4740
5216	4741
4995	4742
6174	4743
146	4744
94	4745
1129	4746
291	4747
496	4748
2233	4749
2604	4750
2898	4751
142	4752
142	4753
270	4754
270	4755
1784	4756
1677	4757
770	4758
5005	4759
3473	4760
5169	4761
500	4762
350	4763
6	4764
666	4765
5717	4766
729	4767
2445	4768
1525	4769
731	4770
6562	4771
5029	4772
1352	4773
633	4774
3391	4775
304	4776
799	4777
6656	4778
298	4779
5382	4780
5740	4781
1959	4782
1083	4783
6129	4784
5158	4785
156	4786
244	4787
3124	4788
1913	4789
339	4790
234	4791
3271	4792
1472	4793
1484	4794
207	4795
156	4796
156	4797
156	4798
4616	4799
30	4800
1158	4801
1230	4802
104	4803
1512	4804
523	4805
5087	4806
5671	4807
1246	4808
4977	4809
979	4810
92	4811
166	4812
4260	4813
6593	4814
1815	4815
159	4816
2462	4817
76	4818
200	4819
5754	4820
1660	4821
4662	4822
6	4823
5074	4824
6088	4825
5856	4826
4322	4827
2582	4828
696	4829
4395	4830
5261	4831
6103	4832
5052	4833
5243	4834
767	4835
197	4836
928	4837
5014	4838
3539	4839
2298	4840
2990	4841
276	4842
1755	4843
225	4844
688	4845
619	4846
3140	4847
4739	4848
3511	4849
51	4850
747	4851
1878	4852
202	4853
40	4854
98	4855
64	4856
1422	4857
3681	4858
2902	4859
1368	4860
563	4861
1728	4862
3403	4863
2663	4864
1881	4865
33	4866
1062	4867
4690	4868
98	4869
195	4870
547	4871
6237	4872
4735	4873
4707	4874
838	4875
3164	4876
305	4877
1058	4878
866	4879
831	4880
4170	4881
515	4882
2490	4883
114	4884
2366	4885
4527	4886
4903	4887
61	4888
2787	4889
444	4890
3644	4891
6564	4892
933	4893
39	4894
5505	4895
6254	4896
4700	4897
1293	4898
358	4899
920	4900
1711	4901
5050	4902
68	4903
931	4904
3982	4905
6462	4906
223	4907
5958	4908
6196	4909
5097	4910
859	4911
5821	4912
4059	4913
147	4914
58	4915
1099	4916
42	4917
5392	4918
4434	4919
153	4920
5923	4921
4547	4922
411	4923
863	4924
28	4925
337	4926
5944	4927
197	4928
3466	4929
5811	4930
76	4931
5972	4932
6246	4933
5140	4934
1887	4935
2436	4936
4747	4937
974	4938
6161	4939
2583	4940
66	4941
1	4942
239	4943
24	4944
120	4945
3074	4946
5004	4947
17	4948
29	4949
5552	4950
2727	4951
2921	4952
5047	4953
323	4954
4633	4955
123	4956
243	4957
2796	4958
1070	4959
2973	4960
1592	4961
772	4962
645	4963
194	4964
264	4965
1193	4966
6443	4967
1773	4968
1962	4969
1	4970
1496	4971
208	4972
11	4973
63	4974
53	4975
1786	4976
83	4977
282	4978
5204	4979
103	4980
5595	4981
1242	4982
3486	4983
4210	4984
561	4985
75	4986
3594	4987
3308	4988
4927	4989
5741	4990
1932	4991
42	4992
8	4993
17	4994
8	4995
42	4996
5193	4997
5629	4998
6	4999
61	5000
102	5001
25	5002
935	5003
887	5004
442	5005
43	5006
1893	5007
829	5008
4261	5009
125	5010
3908	5011
233	5012
209	5013
79	5014
120	5015
79	5016
499	5017
555	5018
347	5019
81	5020
5	5021
3037	5022
878	5023
498	5024
5560	5025
39	5026
5404	5027
287	5028
34	5029
39	5030
484	5031
39	5032
16	5033
289	5034
133	5035
109	5036
3881	5037
4310	5038
199	5039
96	5040
154	5041
185	5042
331	5043
146	5044
91	5045
4292	5046
1050	5047
652	5048
1074	5049
70	5050
5890	5051
1762	5052
4723	5053
2317	5054
6009	5055
10	5056
404	5057
19	5058
6225	5059
1593	5060
494	5061
3063	5062
3549	5063
5314	5064
3411	5065
1118	5066
3368	5067
4094	5068
373	5069
6491	5070
3135	5071
4787	5072
6660	5073
1340	5074
87	5075
1845	5076
3231	5077
704	5078
777	5079
6338	5080
1048	5081
3181	5082
2396	5083
2940	5084
3516	5085
35	5086
3626	5087
6215	5088
35	5089
789	5090
333	5091
5523	5092
1336	5093
1795	5094
431	5095
701	5096
13	5097
6288	5098
5510	5099
199	5100
62	5101
12	5102
5900	5103
56	5104
4240	5105
3115	5106
8	5107
1346	5108
6574	5109
80	5110
5651	5111
65	5112
3420	5113
1243	5114
3008	5115
3557	5116
19	5117
855	5118
4960	5119
3826	5120
2305	5121
425	5122
3365	5123
259	5124
1846	5125
505	5126
2160	5127
105	5128
4556	5129
4273	5130
1465	5131
5192	5132
3625	5133
72	5134
72	5135
72	5136
72	5137
244	5138
4255	5139
249	5140
5576	5141
2054	5142
4692	5143
170	5144
1011	5145
58	5146
4901	5147
76	5148
884	5149
227	5150
1130	5151
288	5152
4755	5153
3485	5154
480	5155
3384	5156
224	5157
5359	5158
6582	5159
701	5160
4063	5161
4041	5162
4173	5163
1292	5164
1112	5165
5420	5166
26	5167
6540	5168
672	5169
85	5170
8	5171
57	5172
396	5173
399	5174
301	5175
4563	5176
1725	5177
368	5178
3746	5179
415	5180
524	5181
2774	5182
77	5183
6625	5184
1667	5185
3602	5186
1518	5187
129	5188
161	5189
1602	5190
4313	5191
5707	5192
702	5193
108	5194
4396	5195
2369	5196
2152	5197
151	5198
791	5199
3065	5200
11	5201
3584	5202
41	5203
4327	5204
30	5205
675	5206
1212	5207
6012	5208
4998	5209
832	5210
432	5211
1056	5212
6576	5213
1080	5214
3081	5215
6414	5216
252	5217
4718	5218
1008	5219
3738	5220
1212	5221
2264	5222
106	5223
5182	5224
3133	5225
944	5226
6	5227
141	5228
2410	5229
757	5230
3348	5231
899	5232
4841	5233
2367	5234
3383	5235
3715	5236
392	5237
915	5238
1427	5239
4688	5240
4954	5241
133	5242
752	5243
4495	5244
1025	5245
5178	5246
70	5247
9	5248
1036	5249
2183	5250
216	5251
16	5252
112	5253
1322	5254
4892	5255
6609	5256
6190	5257
2035	5258
1093	5259
483	5260
5278	5261
969	5262
145	5263
83	5264
95	5265
6363	5266
5565	5267
119	5268
491	5269
475	5270
515	5271
308	5272
6394	5273
171	5274
5674	5275
3157	5276
3371	5277
50	5278
2768	5279
489	5280
78	5281
8	5282
160	5283
351	5284
31	5285
56	5286
1248	5287
480	5288
5	5289
99	5290
606	5291
4038	5292
65	5293
459	5294
6329	5295
33	5296
410	5297
290	5298
496	5299
206	5300
872	5301
884	5302
99	5303
111	5304
1170	5305
140	5306
104	5307
15	5308
6144	5309
818	5310
1194	5311
4457	5312
1811	5313
1299	5314
5583	5315
391	5316
252	5317
391	5318
1332	5319
4521	5320
160	5321
127	5322
2853	5323
3078	5324
211	5325
3309	5326
4024	5327
45	5328
32	5329
824	5330
498	5331
1134	5332
90	5333
90	5334
264	5335
5010	5336
30	5337
26	5338
191	5339
5196	5340
32	5341
77	5342
3845	5343
1071	5344
3089	5345
461	5346
1196	5347
301	5348
3017	5349
690	5350
90	5351
410	5352
5490	5353
16	5354
3480	5355
83	5356
5530	5357
448	5358
824	5359
277	5360
15	5361
29	5362
112	5363
16	5364
30	5365
2553	5366
41	5367
204	5368
51	5369
1152	5370
3	5371
5491	5372
62	5373
1240	5374
193	5375
41	5376
5732	5377
1712	5378
3783	5379
1060	5380
292	5381
3	5382
139	5383
204	5384
518	5385
2896	5386
991	5387
449	5388
5539	5389
20	5390
16	5391
273	5392
322	5393
190	5394
475	5395
1123	5396
1076	5397
5476	5398
5508	5399
3465	5400
64	5401
5439	5402
3582	5403
55	5404
2150	5405
3823	5406
2099	5407
283	5408
379	5409
3469	5410
71	5411
35	5412
30	5413
4036	5414
91	5415
1684	5416
718	5417
46	5418
88	5419
29	5420
690	5421
5362	5422
3	5423
26	5424
149	5425
5125	5426
5527	5427
35	5428
14	5429
4667	5430
21	5431
4625	5432
1200	5433
77	5434
5558	5435
3975	5436
6076	5437
1701	5438
218	5439
1646	5440
5702	5441
952	5442
3116	5443
801	5444
1152	5445
3197	5446
585	5447
140	5448
3310	5449
14	5450
4373	5451
11	5452
2057	5453
146	5454
94	5455
3482	5456
145	5457
910	5458
3307	5459
276	5460
77	5461
5536	5462
1014	5463
1168	5464
1130	5465
1174	5466
616	5467
410	5468
525	5469
35	5470
1235	5471
91	5472
104	5473
185	5474
3198	5475
173	5476
3296	5477
10	5478
62	5479
106	5480
908	5481
1054	5482
62	5483
497	5484
50	5485
89	5486
873	5487
62	5488
98	5489
4035	5490
1357	5491
720	5492
14	5493
4268	5494
3449	5495
2420	5496
45	5497
3257	5498
1057	5499
272	5500
2778	5501
6506	5502
933	5503
94	5504
420	5505
113	5506
88	5507
5116	5508
1220	5509
15	5510
689	5511
123	5512
224	5513
84	5514
84	5515
401	5516
3273	5517
1293	5518
93	5519
336	5520
284	5521
22	5522
6465	5523
2096	5524
3752	5525
15	5526
458	5527
492	5528
90	5529
6136	5530
12	5531
2106	5532
94	5533
74	5534
3467	5535
1222	5536
3177	5537
4924	5538
486	5539
36	5540
3029	5541
3166	5542
766	5543
1912	5544
3931	5545
200	5546
5724	5547
3972	5548
4423	5549
4910	5550
5270	5551
3306	5552
6038	5553
1047	5554
516	5555
6662	5556
3846	5557
71	5558
3455	5559
44	5560
4407	5561
4517	5562
5013	5563
5343	5564
20	5565
161	5566
954	5567
534	5568
4868	5569
6242	5570
1027	5571
4068	5572
421	5573
5256	5574
2650	5575
2845	5576
832	5577
5652	5578
59	5579
5100	5580
6466	5581
3202	5582
226	5583
3196	5584
84	5585
1093	5586
1119	5587
337	5588
3	5589
336	5590
161	5591
108	5592
4307	5593
127	5594
4721	5595
747	5596
5386	5597
1055	5598
1598	5599
1366	5600
2014	5601
4639	5602
3753	5603
70	5604
2113	5605
807	5606
3399	5607
6624	5608
4061	5609
171	5610
741	5611
715	5612
679	5613
1448	5614
2639	5615
1105	5616
3734	5617
4611	5618
323	5619
4250	5620
1260	5621
538	5622
4854	5623
483	5624
853	5625
5445	5626
6078	5627
257	5628
3523	5629
764	5630
4938	5631
728	5632
217	5633
3106	5634
1318	5635
211	5636
211	5637
2585	5638
5469	5639
6060	5640
6177	5641
2323	5642
1124	5643
373	5644
2717	5645
5310	5646
129	5647
2817	5648
1099	5649
371	5650
3139	5651
3935	5652
3	5653
1310	5654
211	5655
5787	5656
6	5657
296	5658
984	5659
5082	5660
5317	5661
4607	5662
106	5663
1883	5664
389	5665
16	5666
6381	5667
4168	5668
3250	5669
6118	5670
892	5671
24	5672
680	5673
2684	5674
6125	5675
203	5676
6130	5677
4392	5678
142	5679
281	5680
3	5681
4364	5682
4167	5683
16	5684
1085	5685
1837	5686
3531	5687
1053	5688
6189	5689
4077	5690
5426	5691
13	5692
13	5693
25	5694
2972	5695
2945	5696
214	5697
344	5698
4234	5699
30	5700
6570	5701
521	5702
1337	5703
6397	5704
650	5705
3344	5706
2802	5707
2130	5708
1694	5709
431	5710
599	5711
1261	5712
5930	5713
4826	5714
4719	5715
1	5716
4580	5717
5342	5718
4932	5719
996	5720
5561	5721
6	5722
4174	5723
3185	5724
926	5725
377	5726
2321	5727
5864	5728
5406	5729
4388	5730
6516	5731
3706	5732
1630	5733
6257	5734
5064	5735
2620	5736
363	5737
5858	5738
6187	5739
756	5740
1494	5741
2527	5742
6150	5743
6153	5744
5941	5745
4565	5746
1924	5747
4617	5748
4577	5749
6256	5750
4426	5751
912	5752
2924	5753
5045	5754
420	5755
13	5756
6139	5757
4197	5758
4264	5759
739	5760
6312	5761
2777	5762
6589	5763
5387	5764
6154	5765
239	5766
3855	5767
1319	5768
101	5769
3929	5770
3571	5771
3824	5772
86	5773
2523	5774
2571	5775
981	5776
5911	5777
2386	5778
141	5779
5655	5780
34	5781
194	5782
1278	5783
815	5784
75	5785
434	5786
311	5787
2773	5788
6453	5789
6169	5790
2053	5791
970	5792
2675	5793
3901	5794
324	5795
6194	5796
3739	5797
6069	5798
4060	5799
629	5800
6595	5801
4958	5802
5562	5803
2837	5804
4881	5805
2178	5806
6370	5807
5541	5808
4792	5809
450	5810
3902	5811
2496	5812
2242	5813
314	5814
5132	5815
818	5816
3892	5817
4016	5818
102	5819
414	5820
4810	5821
194	5822
4	5823
345	5824
2421	5825
244	5826
4561	5827
421	5828
5144	5829
4979	5830
196	5831
786	5832
3924	5833
446	5834
3873	5835
3036	5836
3670	5837
5239	5838
2123	5839
5619	5840
130	5841
967	5842
435	5843
6234	5844
11	5845
2813	5846
2284	5847
5213	5848
621	5849
3871	5850
5980	5851
5465	5852
163	5853
6393	5854
163	5855
163	5856
17	5857
4745	5858
4276	5859
697	5860
694	5861
556	5862
1398	5863
616	5864
2022	5865
1783	5866
161	5867
3109	5868
4746	5869
2597	5870
3633	5871
6308	5872
2125	5873
2020	5874
2082	5875
732	5876
6325	5877
5086	5878
836	5879
12	5880
4598	5881
742	5882
2610	5883
709	5884
4101	5885
4176	5886
5472	5887
1315	5888
4897	5889
804	5890
3092	5891
4699	5892
1420	5893
3838	5894
3419	5895
5179	5896
5277	5897
2391	5898
2474	5899
626	5900
6470	5901
3278	5902
365	5903
21	5904
4828	5905
628	5906
3361	5907
381	5908
4695	5909
1155	5910
3886	5911
4630	5912
2821	5913
5036	5914
745	5915
4452	5916
3570	5917
3795	5918
1016	5919
486	5920
5588	5921
6268	5922
778	5923
379	5924
2134	5925
4687	5926
3547	5927
1363	5928
6117	5929
707	5930
175	5931
5290	5932
3030	5933
6410	5934
3206	5935
5077	5936
1352	5937
1505	5938
16	5939
181	5940
4896	5941
245	5942
3750	5943
96	5944
4758	5945
32	5946
5482	5947
201	5948
74	5949
3917	5950
5557	5951
6168	5952
116	5953
3546	5954
573	5955
6199	5956
4257	5957
262	5958
462	5959
9	5960
85	5961
4280	5962
4485	5963
368	5964
55	5965
4277	5966
57	5967
152	5968
5738	5969
5837	5970
3120	5971
184	5972
64	5973
24	5974
81	5975
938	5976
1843	5977
656	5978
2860	5979
1792	5980
4357	5981
5145	5982
2394	5983
5230	5984
383	5985
2012	5986
5772	5987
132	5988
5580	5989
3355	5990
6665	5991
640	5992
592	5993
3508	5994
1255	5995
2667	5996
2071	5997
3209	5998
4829	5999
260	6000
3811	6001
3943	6002
4265	6003
3603	6004
120	6005
39	6006
4694	6007
4356	6008
44	6009
2039	6010
2524	6011
158	6012
3874	6013
45	6014
418	6015
228	6016
3398	6017
6027	6018
5848	6019
2219	6020
304	6021
6401	6022
3	6023
191	6024
63	6025
197	6026
5422	6027
1419	6028
6123	6029
188	6030
4368	6031
1772	6032
3304	6033
20	6034
842	6035
112	6036
5053	6037
1936	6038
1295	6039
1561	6040
5434	6041
4623	6042
124	6043
1000	6044
361	6045
58	6046
3333	6047
13	6048
808	6049
3085	6050
4343	6051
761	6052
1348	6053
3711	6054
3095	6055
269	6056
85	6057
385	6058
3056	6059
899	6060
1954	6061
5808	6062
886	6063
4606	6064
257	6065
995	6066
38	6067
23	6068
387	6069
643	6070
4262	6071
5582	6072
56	6073
1131	6074
2575	6075
861	6076
4023	6077
4132	6078
224	6079
245	6080
309	6081
6450	6082
6427	6083
6469	6084
132	6085
3932	6086
5637	6087
5503	6088
20	6089
2759	6090
1119	6091
4635	6092
3985	6093
4022	6094
6513	6095
3954	6096
6014	6097
5321	6098
1447	6099
65	6100
6500	6101
2788	6102
5676	6103
3671	6104
923	6105
877	6106
3050	6107
126	6108
4222	6109
2662	6110
453	6111
3643	6112
1640	6113
1819	6114
371	6115
1521	6116
2959	6117
1830	6118
602	6119
2557	6120
1756	6121
2611	6122
1514	6123
1868	6124
4366	6125
4940	6126
434	6127
2124	6128
3136	6129
5126	6130
6552	6131
268	6132
2470	6133
6543	6134
3989	6135
3193	6136
3199	6137
4362	6138
793	6139
5913	6140
3992	6141
3200	6142
553	6143
1024	6144
3533	6145
464	6146
5403	6147
5078	6148
3834	6149
5475	6150
662	6151
5631	6152
42	6153
1668	6154
2456	6155
1027	6156
2438	6157
1259	6158
2729	6159
6080	6160
5574	6161
5860	6162
5	6163
3457	6164
1308	6165
656	6166
3807	6167
3392	6168
531	6169
2061	6170
936	6171
2983	6172
126	6173
780	6174
1358	6175
548	6176
105	6177
1693	6178
74	6179
1205	6180
294	6181
1033	6182
5226	6183
2775	6184
220	6185
1011	6186
1225	6187
1885	6188
108	6189
4835	6190
134	6191
5987	6192
6093	6193
37	6194
3766	6195
4199	6196
2467	6197
3262	6198
17	6199
1342	6200
2187	6201
985	6202
227	6203
4052	6204
552	6205
1086	6206
6482	6207
1992	6208
341	6209
966	6210
6626	6211
748	6212
1405	6213
4217	6214
4957	6215
100	6216
2635	6217
2104	6218
267	6219
106	6220
5067	6221
1127	6222
126	6223
4551	6224
2015	6225
387	6226
895	6227
3225	6228
4311	6229
2695	6230
5810	6231
3691	6232
4459	6233
2024	6234
174	6235
3509	6236
3	6237
60	6238
1279	6239
129	6240
862	6241
978	6242
6492	6243
6010	6244
255	6245
413	6246
4631	6247
4350	6248
319	6249
2294	6250
5981	6251
32	6252
353	6253
2586	6254
1499	6255
6561	6256
3286	6257
2725	6258
2690	6259
11	6260
53	6261
1198	6262
80	6263
38	6264
204	6265
4821	6266
888	6267
1102	6268
4249	6269
840	6270
1695	6271
161	6272
5279	6273
6030	6274
6320	6275
2037	6276
800	6277
2513	6278
268	6279
6302	6280
3994	6281
3813	6282
5188	6283
6510	6284
5971	6285
6473	6286
6171	6287
321	6288
6231	6289
6444	6290
6416	6291
5080	6292
169	6293
6571	6294
6485	6295
4883	6296
6285	6297
4677	6298
321	6299
4884	6300
5134	6301
6567	6302
6442	6303
6566	6304
6551	6305
1039	6306
6568	6307
5098	6308
1970	6309
2190	6310
5075	6311
868	6312
2030	6313
3132	6314
3598	6315
1608	6316
3426	6317
1048	6318
4925	6319
4935	6320
5759	6321
5396	6322
4286	6323
1511	6324
6328	6325
1536	6326
2344	6327
970	6328
3494	6329
5417	6330
1645	6331
6311	6332
6483	6333
5869	6334
5384	6335
2203	6336
1144	6337
263	6338
5484	6339
1354	6340
12	6341
5667	6342
3222	6343
3025	6344
982	6345
3294	6346
5214	6347
1307	6348
1266	6349
868	6350
974	6351
971	6352
3145	6353
2492	6354
5090	6355
6559	6356
6420	6357
3593	6358
2886	6359
5656	6360
6087	6361
1437	6362
1909	6363
527	6364
5146	6365
4622	6366
2006	6367
422	6368
1263	6369
4983	6370
1104	6371
4335	6372
5623	6373
789	6374
1610	6375
3675	6376
4793	6377
2381	6378
63	6379
413	6380
675	6381
351	6382
1111	6383
1049	6384
4544	6385
983	6386
50	6387
6201	6388
6146	6389
70	6390
69	6391
1403	6392
4490	6393
5519	6394
4187	6395
1989	6396
4912	6397
5943	6398
1067	6399
1114	6400
397	6401
1517	6402
1474	6403
1467	6404
1479	6405
4937	6406
210	6407
28	6408
4245	6409
972	6410
174	6411
9	6412
1801	6413
4663	6414
1926	6415
4558	6416
4208	6417
3	6418
3	6419
4966	6420
5643	6421
2	6422
716	6423
716	6424
5547	6425
3622	6426
1832	6427
37	6428
805	6429
2221	6430
668	6431
1753	6432
2227	6433
1822	6434
6511	6435
3837	6436
28	6437
1535	6438
1534	6439
1722	6440
1219	6441
113	6442
1006	6443
1827	6444
2002	6445
1821	6446
6112	6447
443	6448
1530	6449
454	6450
5865	6451
6459	6452
2016	6453
2041	6454
1452	6455
3433	6456
1749	6457
4800	6458
2564	6459
6645	6460
4863	6461
4525	6462
1782	6463
3966	6464
1736	6465
6612	6466
507	6467
67	6468
67	6469
8	6470
5	6471
17	6472
5	6473
5	6474
42	6475
67	6476
42	6477
42	6478
19	6479
42	6480
5	6481
17	6482
17	6483
67	6484
17	6485
1112	6486
513	6487
447	6488
6062	6489
115	6490
195	6491
1434	6492
20	6493
1872	6494
1090	6495
425	6496
781	6497
5783	6498
6104	6499
209	6500
3520	6501
5554	6502
976	6503
6309	6504
1972	6505
2349	6506
20	6507
56	6508
276	6509
33	6510
75	6511
49	6512
22	6513
31	6514
3239	6515
389	6516
5159	6517
405	6518
1283	6519
2355	6520
637	6521
6113	6522
3182	6523
582	6524
3694	6525
2364	6526
1579	6527
1224	6528
631	6529
1402	6530
891	6531
5818	6532
4763	6533
5526	6534
4751	6535
2199	6536
5709	6537
4107	6538
5603	6539
1889	6540
3745	6541
403	6542
347	6543
5225	6544
3679	6545
1243	6546
2906	6547
241	6548
21	6549
15	6550
5771	6551
612	6552
285	6553
4387	6554
29	6555
153	6556
2319	6557
6667	6558
4139	6559
6082	6560
2290	6561
3458	6562
2440	6563
1662	6564
4263	6565
3647	6566
1251	6567
14	6568
283	6569
6659	6570
4000	6571
78	6572
55	6573
6372	6574
3149	6575
4969	6576
5373	6577
133	6578
1202	6579
439	6580
2481	6581
4876	6582
1004	6583
5610	6584
3397	6585
5622	6586
6606	6587
1942	6588
6134	6589
265	6590
23	6591
326	6592
1713	6593
837	6594
4632	6595
659	6596
5734	6597
3169	6598
3099	6599
6549	6600
4764	6601
2471	6602
51	6603
1730	6604
1132	6605
51	6606
2518	6607
181	6608
295	6609
2696	6610
4898	6611
4066	6612
3259	6613
1	6614
500	6615
5440	6616
132	6617
4727	6618
5682	6619
415	6620
1364	6621
509	6622
14	6623
195	6624
1207	6625
822	6626
1355	6627
3024	6628
3765	6629
754	6630
97	6631
5102	6632
4820	6633
169	6634
1210	6635
153	6636
2277	6637
5414	6638
3799	6639
3341	6640
6175	6641
6068	6642
3091	6643
2731	6644
3829	6645
794	6646
1780	6647
5471	6648
897	6649
327	6650
1041	6651
2986	6652
1084	6653
4339	6654
4135	6655
2182	6656
363	6657
4111	6658
2476	6659
5316	6660
1998	6661
5166	6662
3112	6663
1975	6664
587	6665
5329	6666
2459	6667
3343	6668
1464	6669
257	6670
6058	6671
660	6672
1984	6673
3162	6674
2329	6675
127	6676
3347	6677
5263	6678
735	6679
2425	6680
1424	6681
478	6682
2	6683
27	6684
456	6685
580	6686
21	6687
913	6688
44	6689
512	6690
3657	6691
1173	6692
14	6693
44	6694
115	6695
466	6696
6419	6697
2859	6698
5194	6699
4637	6700
5746	6701
713	6702
3389	6703
4032	6704
4157	6705
2752	6706
554	6707
3103	6708
779	6709
6226	6710
6611	6711
1317	6712
4768	6713
268	6714
1335	6715
1591	6716
60	6717
3090	6718
203	6719
5512	6720
864	6721
254	6722
212	6723
2491	6724
10	6725
5966	6726
3780	6727
6572	6728
635	6729
334	6730
214	6731
5413	6732
16	6733
213	6734
5153	6735
3758	6736
2327	6737
1501	6738
594	6739
3483	6740
3699	6741
2423	6742
3971	6743
6579	6744
4120	6745
2753	6746
6673	6747
3321	6748
1347	6749
2149	6750
48	6751
1305	6752
2848	6753
4885	6754
796	6755
352	6756
6478	6757
4079	6758
1241	6759
1241	6760
6216	6761
4833	6762
4576	6763
5177	6764
340	6765
923	6766
228	6767
84	6768
667	6769
4491	6770
4449	6771
3851	6772
3537	6773
4051	6774
821	6775
3830	6776
834	6777
5326	6778
3396	6779
1545	6780
2338	6781
2472	6782
2365	6783
572	6784
27	6785
88	6786
78	6787
24	6788
3119	6789
5351	6790
149	6791
37	6792
2843	6793
4337	6794
4956	6795
993	6796
918	6797
4342	6798
4869	6799
1070	6800
883	6801
5999	6802
216	6803
1944	6804
5130	6805
2038	6806
3490	6807
3960	6808
2330	6809
1396	6810
4853	6811
105	6812
5828	6813
2689	6814
1670	6815
1449	6816
3161	6817
2170	6818
2255	6819
1185	6820
2	6821
5639	6822
1616	6823
1625	6824
4163	6825
2664	6826
2917	6827
2852	6828
4288	6829
4683	6830
6127	6831
6336	6832
5672	6833
2451	6834
255	6835
2479	6836
4493	6837
5454	6838
6361	6839
5862	6840
51	6841
24	6842
1319	6843
1213	6844
3802	6845
1759	6846
271	6847
2003	6848
80	6849
2997	6850
5553	6851
475	6852
4252	6853
5264	6854
1435	6855
180	6856
1853	6857
38	6858
4340	6859
2669	6860
3919	6861
140	6862
318	6863
5499	6864
445	6865
189	6866
4520	6867
4150	6868
315	6869
5142	6870
3578	6871
3334	6872
4648	6873
260	6874
5620	6875
247	6876
384	6877
398	6878
151	6879
61	6880
325	6881
2863	6882
2739	6883
1443	6884
2155	6885
2333	6886
3385	6887
250	6888
1838	6889
252	6890
2463	6891
1596	6892
3653	6893
37	6894
5466	6895
37	6896
5427	6897
6432	6898
2963	6899
3097	6900
677	6901
1702	6902
1091	6903
316	6904
3794	6905
2840	6906
1296	6907
474	6908
458	6909
66	6910
1833	6911
3880	6912
4338	6913
2692	6914
753	6915
573	6916
4734	6917
5379	6918
4253	6919
1621	6920
5293	6921
4164	6922
6451	6923
6373	6924
154	6925
61	6926
5123	6927
384	6928
343	6929
294	6930
3053	6931
5647	6932
3386	6933
2304	6934
5449	6935
5461	6936
1995	6937
2910	6938
6115	6939
5522	6940
32	6941
6448	6942
6287	6943
5961	6944
6477	6945
6140	6946
5024	6947
456	6948
5684	6949
568	6950
1673	6951
6294	6952
5816	6953
722	6954
5020	6955
5353	6956
1116	6957
1828	6958
1747	6959
2308	6960
798	6961
3583	6962
1151	6963
4144	6964
2105	6965
2268	6966
541	6967
12	6968
12	6969
1870	6970
2345	6971
3380	6972
823	6973
6648	6974
43	6975
2975	6976
3515	6977
1567	6978
3927	6979
1856	6980
3575	6981
3313	6982
4375	6983
5723	6984
357	6985
3146	6986
2276	6987
1332	6988
465	6989
5978	6990
1988	6991
117	6992
131	6993
4761	6994
3764	6995
784	6996
559	6997
190	6998
4347	6999
3346	7000
5287	7001
1183	7002
16	7003
4160	7004
6412	7005
3178	7006
5916	7007
108	7008
2412	7009
4178	7010
1829	7011
308	7012
5296	7013
1054	7014
1296	7015
5356	7016
1233	7017
6464	7018
4282	7019
1065	7020
438	7021
5332	7022
6182	7023
4441	7024
93	7025
1063	7026
2790	7027
2595	7028
1022	7029
1019	7030
206	7031
1064	7032
759	7033
481	7034
655	7035
631	7036
388	7037
3327	7038
4993	7039
1058	7040
4413	7041
250	7042
6258	7043
5989	7044
1585	7045
21	7046
5781	7047
5022	7048
3958	7049
1286	7050
19	7051
544	7052
68	7053
1159	7054
189	7055
16	7056
147	7057
16	7058
147	7059
1084	7060
4585	7061
2971	7062
66	7063
54	7064
54	7065
6229	7066
1842	7067
24	7068
2873	7069
5288	7070
1056	7071
112	7072
1915	7073
1817	7074
4756	7075
1748	7076
27	7077
5904	7078
2962	7079
1337	7080
797	7081
557	7082
4033	7083
5349	7084
5946	7085
1333	7086
5	7087
2515	7088
184	7089
3637	7090
3788	7091
839	7092
5470	7093
5152	7094
87	7095
4882	7096
3	7097
518	7098
8	7099
2934	7100
58	7101
2449	7102
102	7103
78	7104
12	7105
12	7106
4578	7107
5345	7108
1888	7109
1533	7110
1814	7111
576	7112
4393	7113
5599	7114
4136	7115
1059	7116
116	7117
4450	7118
2881	7119
769	7120
1871	7121
1865	7122
571	7123
2142	7124
1298	7125
1691	7126
511	7127
1288	7128
54	7129
5632	7130
1204	7131
54	7132
37	7133
335	7134
6018	7135
1082	7136
2165	7137
3152	7138
103	7139
3682	7140
3279	7141
882	7142
2871	7143
1118	7144
5044	7145
330	7146
4661	7147
1706	7148
1244	7149
1860	7150
6141	7151
1238	7152
592	7153
110	7154
574	7155
811	7156
70	7157
1752	7158
11	7159
49	7160
953	7161
490	7162
1051	7163
3641	7164
429	7165
3	7166
549	7167
420	7168
5127	7169
65	7170
95	7171
2836	7172
5877	7173
2823	7174
202	7175
911	7176
2907	7177
5218	7178
165	7179
70	7180
127	7181
265	7182
3973	7183
2797	7184
5227	7185
2191	7186
5648	7187
3258	7188
2839	7189
5168	7190
113	7191
3226	7192
3990	7193
2488	7194
2067	7195
183	7196
43	7197
38	7198
5481	7199
73	7200
151	7201
136	7202
182	7203
1205	7204
38	7205
73	7206
5763	7207
38	7208
183	7209
188	7210
5728	7211
43	7212
182	7213
463	7214
5369	7215
1943	7216
6601	7217
1121	7218
5212	7219
3221	7220
48	7221
33	7222
220	7223
1560	7224
605	7225
5016	7226
2832	7227
6380	7228
2196	7229
4295	7230
3218	7231
3757	7232
4714	7233
3808	7234
1433	7235
1328	7236
521	7237
208	7238
5415	7239
6404	7240
3634	7241
625	7242
1678	7243
2933	7244
2734	7245
2340	7246
5336	7247
759	7248
4955	7249
3425	7250
362	7251
2899	7252
4	7253
5380	7254
3289	7255
137	7256
137	7257
5899	7258
6053	7259
676	7260
2068	7261
3767	7262
2205	7263
5804	7264
5922	7265
1171	7266
32	7267
2156	7268
4409	7269
1978	7270
4962	7271
571	7272
254	7273
3998	7274
3013	7275
5068	7276
4970	7277
689	7278
597	7279
641	7280
5366	7281
622	7282
3611	7283
2866	7284
64	7285
3964	7286
5678	7287
2339	7288
1884	7289
4028	7290
170	7291
5598	7292
999	7293
1487	7294
624	7295
4071	7296
4371	7297
4004	7298
6323	7299
3220	7300
5372	7301
3827	7302
632	7303
1326	7304
3587	7305
2072	7306
6073	7307
3016	7308
1353	7309
3710	7310
2537	7311
2457	7312
417	7313
896	7314
329	7315
117	7316
2224	7317
814	7318
2131	7319
5819	7320
3946	7321
890	7322
6299	7323
539	7324
5618	7325
1101	7326
1515	7327
1397	7328
6295	7329
259	7330
95	7331
1974	7332
5699	7333
1624	7334
5835	7335
505	7336
2066	7337
3471	7338
1343	7339
158	7340
1513	7341
1180	7342
207	7343
3904	7344
1898	7345
183	7346
2961	7347
544	7348
4807	7349
3	7350
2216	7351
2443	7352
5375	7353
166	7354
38	7355
619	7356
236	7357
213	7358
507	7359
1215	7360
2876	7361
76	7362
68	7363
3175	7364
1157	7365
532	7366
3	7367
3	7368
1964	7369
2875	7370
1265	7371
4420	7372
1361	7373
1226	7374
3111	7375
1187	7376
1537	7377
3297	7378
4536	7379
1338	7380
1382	7381
159	7382
1790	7383
3238	7384
2143	7385
2146	7386
1265	7387
2861	7388
222	7389
366	7390
6434	7391
5506	7392
2360	7393
37	7394
5245	7395
5628	7396
4922	7397
721	7398
526	7399
4446	7400
5844	7401
2746	7402
3526	7403
3666	7404
764	7405
2687	7406
177	7407
2133	7408
3733	7409
3790	7410
732	7411
2154	7412
6615	7413
2978	7414
363	7415
6055	7416
3011	7417
1635	7418
3707	7419
3446	7420
6395	7421
6224	7422
2206	7423
5866	7424
5374	7425
36	7426
3151	7427
385	7428
2171	7429
218	7430
5675	7431
309	7432
1857	7433
29	7434
100	7435
95	7436
3809	7437
2348	7438
2144	7439
4096	7440
2008	7441
24	7442
1012	7443
3129	7444
417	7445
2516	7446
549	7447
4708	7448
6034	7449
322	7450
307	7451
814	7452
1088	7453
349	7454
1920	7455
1251	7456
2198	7457
1704	7458
2909	7459
187	7460
99	7461
2	7462
463	7463
507	7464
47	7465
512	7466
49	7467
2989	7468
12	7469
193	7470
2027	7471
4	7472
4941	7473
514	7474
398	7475
48	7476
2	7477
4	7478
2	7479
710	7480
4844	7481
188	7482
101	7483
4194	7484
3	7485
489	7486
3948	7487
119	7488
2102	7489
514	7490
14	7491
1178	7492
1217	7493
1299	7494
144	7495
144	7496
286	7497
34	7498
2814	7499
17	7500
2299	7501
186	7502
73	7503
1164	7504
1290	7505
1300	7506
27	7507
5003	7508
159	7509
4464	7510
132	7511
327	7512
2780	7513
1327	7514
1174	7515
374	7516
100	7517
43	7518
5172	7519
280	7520
24	7521
484	7522
13	7523
3945	7524
1430	7525
6193	7526
142	7527
3075	7528
187	7529
188	7530
461	7531
5817	7532
1210	7533
4742	7534
5956	7535
1558	7536
2681	7537
1657	7538
1103	7539
25	7540
223	7541
3680	7542
4114	7543
2387	7544
4183	7545
3247	7546
669	7547
6526	7548
1161	7549
1272	7550
4619	7551
2849	7552
272	7553
1222	7554
5914	7555
5292	7556
4766	7557
6650	7558
917	7559
412	7560
2401	7561
131	7562
5902	7563
8	7564
317	7565
493	7566
115	7567
215	7568
1061	7569
3167	7570
685	7571
3068	7572
6425	7573
2042	7574
4647	7575
988	7576
201	7577
1928	7578
95	7579
2177	7580
3276	7581
910	7582
457	7583
4	7584
2	7585
494	7586
10	7587
5401	7588
5518	7589
5931	7590
63	7591
1182	7592
5498	7593
2	7594
10	7595
490	7596
2	7597
5521	7598
1141	7599
1188	7600
288	7601
1400	7602
279	7603
5504	7604
6	7605
4	7606
247	7607
3235	7608
3407	7609
2312	7610
756	7611
2085	7612
5960	7613
69	7614
69	7615
107	7616
1705	7617
729	7618
246	7619
6653	7620
5455	7621
4831	7622
110	7623
3489	7624
4499	7625
1169	7626
4804	7627
687	7628
1910	7629
202	7630
145	7631
139	7632
497	7633
5537	7634
272	7635
196	7636
2574	7637
23	7638
23	7639
2243	7640
211	7641
28	7642
5306	7643
146	7644
1709	7645
3535	7646
3445	7647
657	7648
4555	7649
1354	7650
1137	7651
40	7652
162	7653
195	7654
57	7655
206	7656
2214	7657
236	7658
4351	7659
1312	7660
994	7661
485	7662
4856	7663
6629	7664
828	7665
6389	7666
1571	7667
4129	7668
3524	7669
3496	7670
2032	7671
1309	7672
5322	7673
1411	7674
1520	7675
1482	7676
846	7677
1015	7678
4443	7679
5570	7680
225	7681
4379	7682
858	7683
3857	7684
4093	7685
812	7686
3529	7687
5173	7688
3370	7689
1117	7690
1005	7691
3933	7692
699	7693
71	7694
3875	7695
819	7696
4084	7697
343	7698
2001	7699
1672	7700
1073	7701
4842	7702
722	7703
1077	7704
2931	7705
6633	7706
174	7707
233	7708
674	7709
3127	7710
240	7711
4080	7712
4091	7713
4073	7714
853	7715
847	7716
6310	7717
4201	7718
284	7719
4582	7720
1289	7721
3762	7722
4468	7723
429	7724
691	7725
1564	7726
1148	7727
4092	7728
375	7729
852	7730
44	7731
6191	7732
2615	7733
240	7734
851	7735
2	7736
100	7737
1289	7738
649	7739
674	7740
1594	7741
4471	7742
4200	7743
4866	7744
3390	7745
3816	7746
5034	7747
2616	7748
6487	7749
5514	7750
4460	7751
96	7752
2447	7753
6613	7754
2392	7755
34	7756
2114	7757
5661	7758
69	7759
99	7760
83	7761
2497	7762
119	7763
21	7764
904	7765
5423	7766
2856	7767
3130	7768
4403	7769
231	7770
5725	7771
3229	7772
2310	7773
6437	7774
590	7775
1282	7776
1733	7777
5060	7778
1373	7779
22	7780
6217	7781
4211	7782
882	7783
2926	7784
5947	7785
271	7786
10	7787
248	7788
3683	7789
2566	7790
2371	7791
6202	7792
2872	7793
3868	7794
5266	7795
1304	7796
6371	7797
274	7798
205	7799
6025	7800
6533	7801
3959	7802
4003	7803
529	7804
47	7805
91	7806
1100	7807
2822	7808
602	7809
47	7810
213	7811
93	7812
1700	7813
4681	7814
4481	7815
5871	7816
1138	7817
4179	7818
4308	7819
4819	7820
362	7821
2825	7822
6517	7823
5334	7824
1322	7825
3878	7826
5031	7827
1220	7828
5825	7829
1997	7830
2705	7831
3388	7832
3541	7833
1341	7834
1946	7835
977	7836
6446	7837
6116	7838
2023	7839
6263	7840
6359	7841
2380	7842
5874	7843
5101	7844
4057	7845
6044	7846
556	7847
5252	7848
122	7849
863	7850
2159	7851
3589	7852
5032	7853
2331	7854
1745	7855
5157	7856
47	7857
20	7858
2864	7859
2572	7860
5949	7861
2400	7862
48	7863
494	7864
749	7865
3241	7866
4436	7867
6236	7868
4389	7869
94	7870
70	7871
1	7872
1181	7873
5712	7874
63	7875
1485	7876
1242	7877
6126	7878
743	7879
3040	7880
813	7881
175	7882
435	7883
4478	7884
4613	7885
4657	7886
5842	7887
392	7888
4817	7889
5660	7890
6539	7891
4448	7892
666	7893
86	7894
4877	7895
5046	7896
6538	7897
1901	7898
4729	7899
3336	7900
1361	7901
435	7902
536	7903
925	7904
316	7905
316	7906
4320	7907
817	7908
75	7909
25	7910
498	7911
25	7912
25	7913
6396	7914
1142	7915
1931	7916
1955	7917
1806	7918
3912	7919
6480	7920
2977	7921
2466	7922
3684	7923
2455	7924
2908	7925
6494	7926
3387	7927
2970	7928
5174	7929
457	7930
267	7931
906	7932
2665	7933
1980	7934
417	7935
4933	7936
4805	7937
2240	7938
4319	7939
708	7940
942	7941
5113	7942
6269	7943
652	7944
2013	7945
482	7946
888	7947
2140	7948
1577	7949
4693	7950
5677	7951
495	7952
4470	7953
6037	7954
386	7955
386	7956
237	7957
2296	7958
193	7959
60	7960
3692	7961
769	7962
88	7963
3	7964
115	7965
4	7966
68	7967
380	7968
3260	7969
1104	7970
4177	7971
427	7972
6213	7973
3463	7974
2050	7975
4710	7976
3782	7977
3048	7978
5929	7979
209	7980
2505	7981
2697	7982
1791	7983
5719	7984
6041	7985
2784	7986
6238	7987
2747	7988
3812	7989
2076	7990
2800	7991
733	7992
171	7993
2999	7994
5752	7995
3528	7996
980	7997
703	7998
67	7999
720	8000
4377	8001
270	8002
13	8003
1350	8004
434	8005
1273	8006
87	8007
4914	8008
154	8009
105	8010
3894	8011
22	8012
470	8013
292	8014
40	8015
658	8016
31	8017
31	8018
5694	8019
5887	8020
2100	8021
2568	8022
3510	8023
3047	8024
3678	8025
393	8026
794	8027
3	8028
1197	8029
3776	8030
95	8031
4297	8032
643	8033
358	8034
975	8035
338	8036
1851	8037
4189	8038
4571	8039
40	8040
6094	8041
14	8042
261	8043
89	8044
2704	8045
6632	8046
3101	8047
4279	8048
5967	8049
220	8050
1364	8051
4166	8052
1523	8053
2740	8054
1729	8055
2831	8056
1031	8057
6617	8058
1044	8059
3789	8060
6181	8061
4303	8062
261	8063
2708	8064
42	8065
71	8066
1191	8067
2738	8068
25	8069
4070	8070
780	8071
3408	8072
1192	8073
145	8074
6227	8075
5786	8076
5242	8077
5165	8078
6594	8079
4691	8080
1366	8081
5994	8082
2383	8083
4019	8084
4219	8085
1356	8086
5692	8087
2225	8088
3373	8089
765	8090
328	8091
3415	8092
14	8093
5071	8094
6147	8095
762	8096
255	8097
533	8098
1689	8099
4987	8100
15	8101
1125	8102
403	8103
3102	8104
3	8105
2543	8106
4503	8107
3645	8108
1869	8109
2642	8110
2520	8111
642	8112
508	8113
4451	8114
881	8115
3770	8116
5806	8117
6164	8118
5072	8119
5183	8120
4242	8121
6364	8122
138	8123
6658	8124
291	8125
1613	8126
2343	8127
3084	8128
785	8129
258	8130
4945	8131
8	8132
17	8133
67	8134
836	8135
1580	8136
1655	8137
5228	8138
67	8139
6015	8140
6145	8141
644	8142
1092	8143
3514	8144
2197	8145
1	8146
1	8147
9	8148
4586	8149
2295	8150
219	8151
3673	8152
2107	8153
847	8154
48	8155
48	8156
3293	8157
1697	8158
2446	8159
664	8160
2674	8161
2842	8162
2720	8163
79	8164
3669	8165
4018	8166
560	8167
3328	8168
519	8169
474	8170
1669	8171
580	8172
2087	8173
686	8174
5209	8175
6016	8176
21	8177
189	8178
312	8179
3847	8180
5390	8181
3843	8182
370	8183
5502	8184
4963	8185
3311	8186
2209	8187
4039	8188
11	8189
5896	8190
740	8191
657	8192
1368	8193
6445	8194
3850	8195
3298	8196
3442	8197
5453	8198
78	8199
751	8200
4602	8201
4246	8202
320	8203
31	8204
4579	8205
2236	8206
4318	8207
655	8208
1457	8209
34	8210
3910	8211
621	8212
6289	8213
261	8214
95	8215
6114	8216
3662	8217
9	8218
5649	8219
2550	8220
3814	8221
5236	8222
2824	8223
997	8224
1818	8225
2347	8226
941	8227
1918	8228
4009	8229
44	8230
4798	8231
4985	8232
8	8233
989	8234
1147	8235
761	8236
436	8237
6106	8238
214	8239
2951	8240
43	8241
1206	8242
1008	8243
2127	8244
600	8245
326	8246
3141	8247
1323	8248
3163	8249
3470	8250
192	8251
4078	8252
4215	8253
4030	8254
371	8255
869	8256
3916	8257
4142	8258
570	8259
1527	8260
3219	8261
3315	8262
3251	8263
226	8264
230	8265
106	8266
2984	8267
367	8268
232	8269
125	8270
367	8271
4712	8272
897	8273
4918	8274
671	8275
791	8276
3300	8277
672	8278
3211	8279
3001	8280
125	8281
340	8282
109	8283
66	8284
110	8285
226	8286
3295	8287
88	8288
370	8289
4247	8290
4013	8291
3277	8292
2163	8293
3117	8294
6490	8295
3728	8296
3062	8297
1982	8298
1386	8299
6554	8300
5319	8301
5	8302
4440	8303
51	8304
145	8305
272	8306
57	8307
113	8308
24	8309
496	8310
93	8311
91	8312
100	8313
11	8314
159	8315
4017	8316
1007	8317
1329	8318
1636	8319
1634	8320
1335	8321
4705	8322
1329	8323
32	8324
546	8325
1226	8326
4225	8327
2375	8328
2414	8329
4873	8330
217	8331
3366	8332
2829	8333
1250	8334
3104	8335
3437	8336
2914	8337
258	8338
2161	8339
1253	8340
6605	8341
4329	8342
1071	8343
6250	8344
2092	8345
4213	8346
6020	8347
1854	8348
2033	8349
4636	8350
1777	8351
1072	8352
5184	8353
455	8354
750	8355
561	8356
39	8357
2484	8358
2483	8359
245	8360
490	8361
480	8362
346	8363
1956	8364
4103	8365
4184	8366
3267	8367
779	8368
20	8369
25	8370
75	8371
29	8372
15	8373
4122	8374
2603	8375
1866	8376
1776	8377
1859	8378
3614	8379
1153	8380
134	8381
4524	8382
1941	8383
908	8384
1486	8385
456	8386
2337	8387
2407	8388
312	8389
21	8390
22	8391
21	8392
116	8393
116	8394
1737	8395
2	8396
14	8397
4534	8398
4931	8399
243	8400
5437	8401
275	8402
5939	8403
55	8404
4550	8405
265	8406
265	8407
4435	8408
6159	8409
4759	8410
2878	8411
72	8412
5581	8413
2493	8414
1280	8415
63	8416
3866	8417
6298	8418
3318	8419
5122	8420
1498	8421
5105	8422
5418	8423
4713	8424
1018	8425
1768	8426
4783	8427
473	8428
3806	8429
221	8430
1200	8431
285	8432
64	8433
4988	8434
3974	8435
64	8436
839	8437
5687	8438
342	8439
6528	8440
6054	8441
1839	8442
4668	8443
4752	8444
23	8445
6592	8446
6637	8447
928	8448
8	8449
168	8450
458	8451
4560	8452
103	8453
1051	8454
64	8455
350	8456
3019	8457
3997	8458
55	8459
259	8460
2810	8461
292	8462
473	8463
1164	8464
5564	8465
4814	8466
5023	8467
5148	8468
6067	8469
2081	8470
2000	8471
1388	8472
117	8473
2086	8474
151	8475
5798	8476
4162	8477
3922	8478
3993	8479
4822	8480
4572	8481
5525	8482
73	8483
328	8484
1284	8485
1175	8486
5457	8487
212	8488
10	8489
61	8490
1840	8491
131	8492
4685	8493
443	8494
5773	8495
108	8496
6091	8497
2194	8498
611	8499
268	8500
4330	8501
237	8502
20	8503
3369	8504
4587	8505
282	8506
4002	8507
4675	8508
4479	8509
4369	8510
26	8511
4847	8512
391	8513
6456	8514
4254	8515
23	8516
724	8517
5779	8518
6391	8519
6	8520
330	8521
5883	8522
1	8523
9	8524
1	8525
1	8526
1	8527
222	8528
2915	8529
1292	8530
16	8531
38	8532
478	8533
3962	8534
4182	8535
881	8536
6616	8537
2530	8538
663	8539
6411	8540
1015	8541
1137	8542
734	8543
190	8544
155	8545
1	8546
721	8547
4629	8548
6591	8549
5884	8550
238	8551
4206	8552
3822	8553
473	8554
1231	8555
3033	8556
242	8557
3885	8558
2278	8559
3443	8560
3352	8561
1300	8562
6641	8563
3961	8564
1168	8565
829	8566
152	8567
5945	8568
4724	8569
4433	8570
6366	8571
361	8572
6259	8573
1031	8574
3853	8575
6079	8576
91	8577
1459	8578
2509	8579
6061	8580
5364	8581
5	8582
3655	8583
3393	8584
582	8585
3581	8586
27	8587
1466	8588
155	8589
1271	8590
2083	8591
3351	8592
89	8593
844	8594
4186	8595
1043	8596
59	8597
5935	8598
816	8599
235	8600
1349	8601
681	8602
1042	8603
2	8604
49	8605
5344	8606
38	8607
433	8608
1179	8609
147	8610
4654	8611
588	8612
5979	8613
6472	8614
6666	8615
1268	8616
2062	8617
5412	8618
5611	8619
5460	8620
6207	8621
5463	8622
5337	8623
4672	8624
5338	8625
5653	8626
4397	8627
439	8628
5175	8629
4990	8630
462	8631
1367	8632
1855	8633
3724	8634
4961	8635
1413	8636
1410	8637
1404	8638
6017	8639
1384	8640
5203	8641
388	8642
25	8643
2502	8644
2501	8645
2806	8646
2404	8647
63	8648
4473	8649
930	8650
101	8651
3018	8652
2372	8653
2405	8654
80	8655
1018	8656
41	8657
120	8658
2	8659
1939	8660
1305	8661
198	8662
973	8663
2499	8664
1141	8665
3722	8666
909	8667
2508	8668
2504	8669
4483	8670
877	8671
3888	8672
859	8673
232	8674
199	8675
121	8676
17	8677
2781	8678
2503	8679
49	8680
33	8681
1247	8682
22	8683
205	8684
148	8685
5726	8686
182	8687
399	8688
104	8689
504	8690
144	8691
2950	8692
306	8693
200	8694
6417	8695
5713	8696
558	8697
801	8698
4272	8699
3617	8700
3367	8701
2612	8702
2772	8703
2750	8704
2766	8705
2698	8706
2742	8707
261	8708
66	8709
2830	8710
3729	8711
2956	8712
455	8713
453	8714
5180	8715
5727	8716
4511	8717
6024	8718
6230	8719
53	8720
3340	8721
6578	8722
6326	8723
1858	8724
3951	8725
6085	8726
2671	8727
810	8728
4025	8729
443	8730
3121	8731
591	8732
9	8733
3272	8734
1651	8735
6097	8736
6013	8737
172	8738
723	8739
136	8740
2996	8741
5640	8742
4117	8743
3732	8744
1362	8745
1362	8746
1797	8747
2835	8748
5201	8749
873	8750
3046	8751
2452	8752
81	8753
166	8754
43	8755
20	8756
19	8757
19	8758
485	8759
5650	8760
648	8761
827	8762
2754	8763
163	8764
6149	8765
807	8766
5135	8767
409	8768
5363	8769
5432	8770
451	8771
2303	8772
4287	8773
5085	8774
71	8775
731	8776
3701	8777
3925	8778
1418	8779
1847	8780
359	8781
2791	8782
68	8783
1342	8784
309	8785
4161	8786
326	8787
152	8788
290	8789
3190	8790
13	8791
26	8792
1184	8793
5433	8794
2651	8795
2601	8796
972	8797
160	8798
3999	8799
3086	8800
4773	8801
338	8802
5906	8803
428	8804
5729	8805
93	8806
1664	8807
3703	8808
6388	8809
4618	8810
531	8811
225	8812
921	8813
59	8814
3194	8815
924	8816
6534	8817
4949	8818
144	8819
1553	8820
1033	8821
3731	8822
69	8823
232	8824
5513	8825
5405	8826
2710	8827
3362	8828
221	8829
727	8830
85	8831
3856	8832
212	8833
4155	8834
2350	8835
2577	8836
3833	8837
3444	8838
2560	8839
2	8840
2567	8841
79	8842
58	8843
2558	8844
5079	8845
45	8846
2109	8847
30	8848
1495	8849
2531	8850
25	8851
3224	8852
1589	8853
5919	8854
6602	8855
5495	8856
32	8857
6375	8858
5963	8859
5431	8860
4816	8861
5716	8862
210	8863
2091	8864
501	8865
593	8866
1208	8867
4401	8868
1609	8869
5398	8870
1150	8871
12	8872
365	8873
2511	8874
5685	8875
345	8876
1714	8877
5473	8878
4769	8879
195	8880
5489	8881
130	8882
4545	8883
636	8884
2532	8885
2770	8886
5579	8887
1283	8888
1264	8889
274	8890
1463	8891
4975	8892
5008	8893
3265	8894
6508	8895
5951	8896
4141	8897
2288	8898
6160	8899
100	8900
85	8901
5479	8902
4650	8903
1176	8904
202	8905
361	8906
1894	8907
577	8908
4893	8909
1360	8910
5054	8911
468	8912
2	8913
188	8914
4850	8915
173	8916
6577	8917
5117	8918
64	8919
3447	8920
1184	8921
284	8922
1023	8923
5267	8924
305	8925
300	8926
4012	8927
2353	8928
2482	8929
5185	8930
4053	8931
516	8932
185	8933
394	8934
2569	8935
4324	8936
725	8937
80	8938
4944	8939
6281	8940
2649	8941
854	8942
4733	8943
1254	8944
4501	8945
3504	8946
3208	8947
63	8948
3952	8949
548	8950
409	8951
2326	8952
4469	8953
484	8954
5794	8955
40	8956
5477	8957
4523	8958
21	8959
405	8960
1248	8961
450	8962
76	8963
6440	8964
3007	8965
12	8966
1028	8967
58	8968
6663	8969
3567	8970
3716	8971
101	8972
3825	8973
256	8974
2316	8975
36	8976
699	8977
330	8978
751	8979
5096	8980
2629	8981
774	8982
124	8983
141	8984
5129	8985
384	8986
442	8987
141	8988
1961	8989
2427	8990
966	8991
249	8992
5	8993
228	8994
3329	8995
4533	8996
45	8997
397	8998
35	8999
431	9000
71	9001
4593	9002
984	9003
2101	9004
3330	9005
1043	9006
251	9007
830	9008
1161	9009
119	9010
269	9011
2655	9012
944	9013
4	9014
2510	9015
6107	9016
6021	9017
200	9018
6185	9019
6	9020
85	9021
2095	9022
4553	9023
289	9024
61	9025
569	9026
5809	9027
6614	9028
5715	9029
5894	9030
958	9031
3058	9032
1328	9033
6048	9034
4785	9035
4678	9036
92	9037
354	9038
5839	9039
696	9040
3983	9041
3844	9042
4888	9043
862	9044
2354	9045
4099	9046
4760	9047
3719	9048
1105	9049
569	9050
622	9051
10	9052
398	9053
6208	9054
1347	9055
1034	9056
1698	9057
2450	9058
5849	9059
730	9060
8	9061
4943	9062
208	9063
6083	9064
2334	9065
3006	9066
4336	9067
4516	9068
4302	9069
187	9070
5273	9071
846	9072
5191	9073
535	9074
1001	9075
2525	9076
4243	9077
2417	9078
50	9079
3123	9080
5572	9081
333	9082
2078	9083
3723	9084
3376	9085
4331	9086
303	9087
1057	9088
111	9089
243	9090
5897	9091
1046	9092
5269	9093
1506	9094
407	9095
3832	9096
76	9097
5000	9098
476	9099
520	9100
2301	9101
4614	9102
2526	9103
4564	9104
639	9105
107	9106
251	9107
4417	9108
2841	9109
3413	9110
1090	9111
3872	9112
3884	9113
2644	9114
4228	9115
33	9116
4482	9117
2755	9118
1288	9119
902	9120
8	9121
4034	9122
372	9123
581	9124
1162	9125
963	9126
3977	9127
8	9128
4519	9129
92	9130
1121	9131
4	9132
2	9133
23	9134
6496	9135
4241	9136
194	9137
303	9138
2	9139
2	9140
5706	9141
10	9142
301	9143
1132	9144
477	9145
92	9146
3087	9147
1153	9148
58	9149
5892	9150
5532	9151
1	9152
4999	9153
4518	9154
2395	9155
3360	9156
4306	9157
5092	9158
14	9159
4049	9160
830	9161
6385	9162
246	9163
6086	9164
3639	9165
149	9166
6638	9167
3332	9168
4221	9169
352	9170
2529	9171
955	9172
2393	9173
1089	9174
59	9175
6527	9176
627	9177
6671	9178
10	9179
5693	9180
74	9181
959	9182
3094	9183
6558	9184
947	9185
916	9186
4872	9187
1796	9188
157	9189
150	9190
341	9191
510	9192
961	9193
22	9194
88	9195
314	9196
585	9197
5497	9198
6536	9199
3754	9200
288	9201
5001	9202
941	9203
6	9204
1676	9205
4300	9206
1458	9207
5520	9208
3028	9209
2	9210
6433	9211
1202	9212
4299	9213
835	9214
4044	9215
1081	9216
1036	9217
914	9218
19	9219
2833	9220
1339	9221
4400	9222
3010	9223
1	9224
19	9225
506	9226
65	9227
146	9228
1623	9229
5830	9230
4507	9231
6415	9232
3322	9233
1216	9234
502	9235
4332	9236
4992	9237
4333	9238
269	9239
430	9240
488	9241
1390	9242
408	9243
1272	9244
5	9245
1275	9246
513	9247
1196	9248
115	9249
6529	9250
6228	9251
319	9252
3187	9253
4354	9254
212	9255
3435	9256
61	9257
4344	9258
4836	9259
68	9260
3138	9261
45	9262
2388	9263
1020	9264
2982	9265
3268	9266
607	9267
17	9268
2136	9269
623	9270
1170	9271
776	9272
915	9273
121	9274
60	9275
4934	9276
312	9277
392	9278
1000	9279
2714	9280
4709	9281
2901	9282
3543	9283
2939	9284
6235	9285
4109	9286
2009	9287
4291	9288
240	9289
2	9290
152	9291
3500	9292
3941	9293
53	9294
785	9295
23	9296
1195	9297
23	9298
2453	9299
1157	9300
5768	9301
6531	9302
3431	9303
5761	9304
1346	9305
6102	9306
5745	9307
134	9308
5614	9309
2046	9310
2912	9311
6652	9312
47	9313
118	9314
1311	9315
1035	9316
1230	9317
81	9318
4089	9319
828	9320
1194	9321
5	9322
605	9323
1334	9324
3936	9325
19	9326
19	9327
1680	9328
3452	9329
551	9330
4190	9331
714	9332
2341	9333
3301	9334
3440	9335
6563	9336
5371	9337
2764	9338
4839	9339
601	9340
2138	9341
2659	9342
3592	9343
638	9344
5308	9345
4	9346
5705	9347
6176	9348
2358	9349
2026	9350
2645	9351
3544	9352
5973	9353
6291	9354
2624	9355
1003	9356
6178	9357
3554	9358
2946	9359
799	9360
5249	9361
430	9362
894	9363
6557	9364
47	9365
5255	9366
4658	9367
6028	9368
5257	9369
802	9370
2475	9371
2478	9372
2889	9373
960	9374
12	9375
55	9376
102	9377
12	9378
12	9379
12	9380
4673	9381
46	9382
52	9383
826	9384
5964	9385
2943	9386
172	9387
1540	9388
2598	9389
416	9390
98	9391
1262	9392
284	9393
42	9394
4290	9395
83	9396
335	9397
208	9398
497	9399
86	9400
1079	9401
1163	9402
278	9403
390	9404
191	9405
5544	9406
6096	9407
476	9408
235	9409
1369	9410
4597	9411
900	9412
1247	9413
3607	9414
30	9415
396	9416
1661	9417
5083	9418
725	9419
17	9420
222	9421
11	9422
75	9423
27	9424
6583	9425
1146	9426
1128	9427
66	9428
40	9429
39	9430
1285	9431
1642	9432
4736	9433
719	9434
381	9435
1	9436
465	9437
6	9438
5041	9439
279	9440
15	9441
135	9442
273	9443
679	9444
5624	9445
215	9446
436	9447
579	9448
190	9449
937	9450
135	9451
5302	9452
870	9453
138	9454
86	9455
280	9456
1165	9457
5419	9458
80	9459
1331	9460
34	9461
5529	9462
1309	9463
4444	9464
3114	9465
529	9466
815	9467
5480	9468
6133	9469
1135	9470
43	9471
203	9472
136	9473
5934	9474
4326	9475
1750	9476
4599	9477
1766	9478
5207	9479
117	9480
207	9481
299	9482
299	9483
155	9484
117	9485
2547	9486
103	9487
4	9488
1123	9489
132	9490
6135	9491
1310	9492
2799	9493
5540	9494
620	9495
717	9496
1428	9497
19	9498
632	9499
1231	9500
3502	9501
1239	9502
6670	9503
3612	9504
2988	9505
1059	9506
132	9507
3158	9508
5700	9509
52	9510
499	9511
1807	9512
1281	9513
4462	9514
1075	9515
1017	9516
4879	9517
4	9518
5038	9519
1372	9520
1372	9521
68	9522
2004	9523
4570	9524
3744	9525
359	9526
4651	9527
6122	9528
6553	9529
5784	9530
4858	9531
1983	9532
4461	9533
714	9534
5163	9535
454	9536
1927	9537
2711	9538
2408	9539
9	9540
887	9541
55	9542
107	9543
4880	9544
1156	9545
2923	9546
476	9547
6267	9548
283	9549
5587	9550
5805	9551
1880	9552
566	9553
566	9554
1649	9555
2622	9556
175	9557
2680	9558
5711	9559
4301	9560
3940	9561
5241	9562
1739	9563
6253	9564
6036	9565
65	9566
6623	9567
3160	9568
1136	9569
69	9570
106	9571
228	9572
2253	9573
2399	9574
2592	9575
4328	9576
4530	9577
6635	9578
1034	9579
3545	9580
5309	9581
5143	9582
2480	9583
6220	9584
4105	9585
5061	9586
2195	9587
1306	9588
1179	9589
52	9590
86	9591
86	9592
39	9593
37	9594
153	9595
287	9596
1223	9597
97	9598
52	9599
34	9600
5873	9601
1285	9602
5323	9603
66	9604
34	9605
54	9606
109	9607
286	9608
34	9609
5548	9610
52	9611
34	9612
5556	9613
37	9614
5551	9615
5670	9616
5758	9617
34	9618
39	9619
1287	9620
1287	9621
5563	9622
92	9623
114	9624
286	9625
54	9626
37	9627
97	9628
97	9629
5549	9630
66	9631
5688	9632
287	9633
5721	9634
5615	9635
37	9636
508	9637
110	9638
184	9639
1167	9640
464	9641
25	9642
20	9643
16	9644
25	9645
1134	9646
26	9647
816	9648
3243	9649
27	9650
31	9651
5313	9652
467	9653
2103	9654
2969	9655
2230	9656
524	9657
2812	9658
4	9659
454	9660
1905	9661
986	9662
3705	9663
563	9664
3870	9665
2377	9666
900	9667
2260	9668
1999	9669
1985	9670
1844	9671
2932	9672
1769	9673
5048	9674
1935	9675
1788	9676
1823	9677
1731	9678
1412	9679
135	9680
578	9681
78	9682
119	9683
1493	9684
94	9685
98	9686
1260	9687
1061	9688
48	9689
48	9690
450	9691
6607	9692
2283	9693
875	9694
782	9695
6026	9696
3354	9697
6275	9698
4463	9699
1062	9700
1710	9701
1254	9702
3337	9703
2581	9704
5593	9705
3513	9706
5616	9707
5162	9708
1925	9709
667	9710
1555	9711
2633	9712
542	9713
736	9714
4248	9715
624	9716
94	9717
4235	9718
2362	9719
5868	9720
1189	9721
5683	9722
534	9723
4399	9724
6322	9725
4202	9726
3083	9727
6283	9728
5333	9729
2232	9730
1270	9731
2512	9732
315	9733
1	9734
118	9735
9	9736
446	9737
1732	9738
4281	9739
1040	9740
4465	9741
5997	9742
121	9743
1320	9744
252	9745
5796	9746
4862	9747
5840	9748
5822	9749
583	9750
926	9751
5015	9752
1345	9753
3803	9754
5802	9755
5586	9756
513	9757
3579	9758
56	9759
5589	9760
87	9761
2434	9762
3835	9763
5567	9764
41	9765
183	9766
5697	9767
517	9768
113	9769
3274	9770
146	9771
57	9772
136	9773
4266	9774
21	9775
13	9776
68	9777
788	9778
11	9779
5	9780
914	9781
5115	9782
246	9783
5920	9784
5959	9785
460	9786
5621	9787
138	9788
15	9789
138	9790
5486	9791
1166	9792
35	9793
449	9794
662	9795
23	9796
120	9797
158	9798
63	9799
1392	9800
3245	9801
180	9802
10	9803
42	9804
1197	9805
43	9806
2302	9807
4757	9808
5467	9809
1201	9810
1136	9811
1198	9812
93	9813
2426	9814
506	9815
290	9816
193	9817
16	9818
26	9819
11	9820
678	9821
5790	9822
383	9823
179	9824
4528	9825
143	9826
786	9827
3484	9828
2702	9829
3896	9830
1006	9831
4717	9832
2593	9833
724	9834
4653	9835
1029	9836
6585	9837
3434	9838
2200	9839
5223	9840
661	9841
2186	9842
100	9843
81	9844
81	9845
6504	9846
5663	9847
1897	9848
3923	9849
3468	9850
614	9851
3061	9852
4456	9853
3819	9854
6128	9855
3180	9856
927	9857
5019	9858
2630	9859
334	9860
28	9861
28	9862
28	9863
82	9864
82	9865
28	9866
47	9867
348	9868
530	9869
5974	9870
1301	9871
6313	9872
38	9873
773	9874
197	9875
1261	9876
155	9877
299	9878
1173	9879
4	9880
1133	9881
144	9882
6546	9883
2088	9884
3798	9885
6657	9886
1344	9887
1383	9888
6668	9889
2847	9890
5975	9891
3381	9892
3204	9893
6398	9894
753	9895
329	9896
2477	9897
6335	9898
6354	9899
4267	9900
68	9901
4590	9902
4780	9903
1968	9904
6474	9905
282	9906
3429	9907
4911	9908
3986	9909
369	9910
4671	9911
4711	9912
5324	9913
4554	9914
201	9915
1117	9916
533	9917
1633	9918
651	9919
6457	9920
298	9921
5878	9922
3448	9923
277	9924
5305	9925
6316	9926
2985	9927
6603	9928
647	9929
991	9930
3453	9931
1929	9932
6321	9933
6655	9934
5770	9935
745	9936
5626	9937
1834	9938
4134	9939
1723	9940
2226	9941
3743	9942
5596	9943
1	9944
4860	9945
1218	9946
1218	9947
1524	9948
6449	9949
1143	9950
4823	9951
2309	9952
1233	9953
5533	9954
5867	9955
6514	9956
1206	9957
6362	9958
1	9959
151	9960
160	9961
5538	9962
59	9963
5602	9964
5402	9965
2040	9966
1744	9967
6240	9968
1775	9969
5164	9970
4237	9971
2641	9972
6180	9973
206	9974
1849	9975
28	9976
876	9977
17	9978
17	9979
209	9980
142	9981
77	9982
121	9983
121	9984
1401	9985
1326	9986
1083	9987
5150	9988
3020	9989
149	9990
20	9991
158	9992
499	9993
96	9994
98	9995
204	9996
6262	9997
295	9998
5195	9999
2760	10000
