1095	1
175	2
1293	3
253	4
4233	5
3961	6
2565	7
3070	8
2661	9
61	10
143	11
397	12
680	13
1077	14
2720	15
61	16
35	17
564	18
35	19
1378	20
334	21
770	22
333	23
338	24
2850	25
223	26
438	27
237	28
832	29
260	30
2412	31
3526	32
33	33
366	34
254	35
595	36
116	37
1374	38
551	39
324	40
2409	41
4790	42
225	43
3045	44
2433	45
73	46
831	47
4442	48
3943	49
3154	50
1941	51
4107	52
4096	53
1564	54
4810	55
446	56
5108	57
3980	58
60	59
1202	60
396	61
3153	62
284	63
4274	64
806	65
1704	66
3245	67
4256	68
1993	69
36	70
3875	71
827	72
2428	73
3451	74
1033	75
3033	76
4801	77
510	78
807	79
3246	80
1991	81
3864	82
5186	83
2042	84
4802	85
1566	86
1566	87
4057	88
792	89
792	90
792	91
1998	92
2954	93
5093	94
928	95
398	96
1077	97
253	98
23	99
657	100
2482	101
383	102
2136	103
832	104
487	105
1757	106
4728	107
254	108
33	109
785	110
1378	111
383	112
4474	113
495	114
1342	115
61	116
61	117
2506	118
398	119
2567	120
2032	121
1703	122
42	123
166	124
1132	125
2386	126
33	127
254	128
33	129
272	130
1109	131
544	132
544	133
544	134
441	135
253	136
61	137
564	138
175	139
383	140
2416	141
1341	142
4471	143
573	144
33	145
253	146
61	147
1831	148
495	149
61	150
33	151
2126	152
913	153
1342	154
33	155
3235	156
204	157
4054	158
175	159
253	160
175	161
178	162
456	163
494	164
495	165
362	166
61	167
61	168
487	169
33	170
4404	171
22	172
23	173
79	174
175	175
175	176
175	177
61	178
2133	179
3396	180
854	181
22	182
100	183
559	184
3412	185
634	186
4077	187
1909	188
212	189
3178	190
345	191
1087	192
624	193
1380	194
104	195
104	196
74	197
42	198
212	199
4237	200
356	201
104	202
1056	203
2418	204
4081	205
5106	206
4441	207
4819	208
876	209
5104	210
104	211
1043	212
4579	213
104	214
291	215
1964	216
795	217
491	218
208	219
4433	220
4545	221
2605	222
1390	223
2685	224
2636	225
2650	226
2672	227
2674	228
1133	229
3596	230
620	231
634	232
734	233
4769	234
864	235
707	236
2963	237
370	238
4500	239
687	240
636	241
600	242
4068	243
1804	244
141	245
747	246
1375	247
369	248
4865	249
133	250
159	251
134	252
301	253
2736	254
4174	255
401	256
35	257
4503	258
69	259
2741	260
30	261
461	262
853	263
658	264
1557	265
183	266
183	267
5087	268
805	269
3430	270
4669	271
3629	272
183	273
45	274
524	275
3799	276
2035	277
18	278
958	279
94	280
503	281
817	282
1634	283
483	284
1414	285
643	286
2359	287
1251	288
85	289
2923	290
856	291
3923	292
817	293
803	294
612	295
8	296
97	297
112	298
54	299
172	300
312	301
3963	302
1409	303
474	304
646	305
9	306
5	307
167	308
2230	309
440	310
738	311
112	312
2239	313
80	314
17	315
331	316
188	317
1724	318
486	319
554	320
214	321
128	322
11	323
11	324
71	325
11	326
22	327
22	328
22	329
11	330
9	331
54	332
737	333
2278	334
114	335
264	336
3991	337
3606	338
1010	339
190	340
31	341
127	342
824	343
379	344
382	345
117	346
206	347
5	348
19	349
43	350
43	351
103	352
16	353
295	354
1161	355
706	356
326	357
3949	358
550	359
3958	360
68	361
43	362
27	363
1410	364
1906	365
372	366
823	367
58	368
41	369
68	370
3740	371
5	372
77	373
82	374
58	375
68	376
874	377
18	378
82	379
50	380
27	381
379	382
1042	383
9	384
645	385
205	386
205	387
27	388
82	389
1824	390
9	391
462	392
136	393
58	394
485	395
1134	396
1711	397
2544	398
2137	399
613	400
613	401
1160	402
704	403
1614	404
312	405
294	406
19	407
44	408
97	409
44	410
68	411
1533	412
872	413
16	414
704	415
57	416
1895	417
214	418
103	419
9	420
9	421
5	422
128	423
4362	424
207	425
1203	426
206	427
114	428
59	429
93	430
97	431
417	432
8	433
2563	434
167	435
400	436
128	437
68	438
21	439
400	440
30	441
177	442
16	443
373	444
40	445
198	446
3080	447
2635	448
626	449
767	450
199	451
4720	452
266	453
1518	454
4156	455
2604	456
764	457
38	458
1787	459
646	460
1	461
45	462
31	463
1336	464
286	465
380	466
2207	467
3403	468
562	469
5125	470
644	471
102	472
3397	473
1164	474
48	475
3632	476
1155	477
1413	478
639	479
418	480
140	481
824	482
326	483
872	484
613	485
227	486
70	487
4476	488
43	489
19	490
1163	491
780	492
972	493
1648	494
2564	495
405	496
8	497
172	498
1786	499
1035	500
23	501
1196	502
3400	503
80	504
825	505
822	506
901	507
9	508
187	509
51	510
18	511
1014	512
70	513
129	514
64	515
3406	516
1527	517
643	518
129	519
16	520
568	521
1697	522
233	523
3409	524
44	525
2744	526
19	527
21	528
1153	529
550	530
1827	531
44	532
1647	533
311	534
4721	535
1525	536
1458	537
2134	538
642	539
16	540
16	541
31	542
68	543
2448	544
5085	545
5159	546
3099	547
162	548
102	549
562	550
140	551
416	552
9	553
427	554
54	555
5	556
58	557
648	558
13	559
44	560
8	561
1742	562
398	563
19	564
68	565
13	566
1412	567
356	568
188	569
174	570
43	571
227	572
3805	573
57	574
2656	575
485	576
30	577
57	578
738	579
1530	580
13	581
310	582
1904	583
127	584
16	585
775	586
736	587
1527	588
381	589
21	590
3952	591
23	592
311	593
3404	594
311	595
776	596
1411	597
405	598
140	599
31	600
92	601
112	602
1191	603
102	604
45	605
80	606
1515	607
310	608
45	609
23	610
399	611
5	612
490	613
1787	614
82	615
129	616
416	617
399	618
112	619
5	620
93	621
167	622
21	623
1162	624
94	625
13	626
4836	627
1348	628
10	629
4232	630
2927	631
140	632
92	633
642	634
461	635
31	636
41	637
1154	638
58	639
5	640
30	641
214	642
9	643
27	644
5	645
17	646
58	647
58	648
2740	649
114	650
9	651
3742	652
19	653
92	654
63	655
19	656
5	657
13	658
97	659
258	660
557	661
206	662
399	663
43	664
257	665
5075	666
3790	667
878	668
297	669
5046	670
1183	671
55	672
1538	673
59	674
204	675
1945	676
41	677
10	678
6	679
645	680
3634	681
5056	682
44	683
195	684
50	685
3951	686
159	687
1647	688
21	689
563	690
379	691
70	692
5	693
102	694
286	695
172	696
77	697
97	698
1850	699
705	700
1334	701
825	702
13	703
641	704
17	705
1844	706
16	707
374	708
2356	709
378	710
116	711
1333	712
1089	713
13	714
45	715
19	716
469	717
12	718
16	719
140	720
952	721
13	722
41	723
10	724
40	725
295	726
1546	727
19	728
93	729
70	730
706	731
286	732
2471	733
140	734
9	735
213	736
136	737
4135	738
841	739
195	740
855	741
288	742
3726	743
218	744
2943	745
3536	746
127	747
2429	748
3601	749
5139	750
66	751
1069	752
1889	753
325	754
1576	755
594	756
795	757
594	758
335	759
488	760
244	761
178	762
4187	763
551	764
2055	765
1673	766
976	767
2442	768
363	769
245	770
791	771
909	772
564	773
40	774
1090	775
48	776
100	777
1380	778
118	779
135	780
165	781
979	782
141	783
5077	784
2652	785
4398	786
8	787
91	788
409	789
2614	790
1125	791
226	792
3919	793
67	794
265	795
1996	796
593	797
166	798
3184	799
2475	800
2848	801
1892	802
67	803
274	804
3568	805
3976	806
386	807
67	808
2511	809
2303	810
803	811
10	812
1	813
1	814
1	815
699	816
115	817
3620	818
1620	819
2624	820
134	821
3	822
281	823
726	824
54	825
9	826
719	827
2645	828
1865	829
2665	830
3821	831
83	832
1594	833
158	834
466	835
273	836
5213	837
329	838
152	839
746	840
2613	841
5146	842
1785	843
1285	844
431	845
853	846
262	847
259	848
270	849
170	850
196	851
87	852
1372	853
3437	854
1108	855
1997	856
1948	857
139	858
76	859
224	860
3222	861
1857	862
4615	863
1779	864
3255	865
5111	866
1799	867
1079	868
888	869
2439	870
3224	871
3217	872
1950	873
2959	874
521	875
3015	876
4927	877
305	878
1453	879
29	880
2472	881
804	882
1808	883
1010	884
1861	885
1774	886
627	887
3507	888
1812	889
4089	890
3159	891
98	892
734	893
98	894
2695	895
627	896
4088	897
5109	898
2006	899
4333	900
870	901
2122	902
4505	903
814	904
3105	905
4831	906
197	907
4436	908
4094	909
4536	910
481	911
4678	912
1319	913
5027	914
1598	915
481	916
219	917
1627	918
3887	919
3160	920
299	921
478	922
1124	923
1864	924
3725	925
298	926
412	927
2687	928
1211	929
1719	930
4202	931
5006	932
1126	933
1683	934
1801	935
478	936
299	937
4149	938
1422	939
4496	940
1319	941
719	942
2477	943
387	944
42	945
944	946
130	947
73	948
579	949
577	950
73	951
1002	952
851	953
812	954
1506	955
3877	956
1809	957
1504	958
1563	959
1295	960
4412	961
131	962
1190	963
4484	964
2519	965
3628	966
476	967
4385	968
12	969
76	970
3280	971
5017	972
3304	973
4309	974
812	975
1295	976
3865	977
1501	978
1807	979
880	980
1862	981
4003	982
419	983
1094	984
5207	985
3200	986
2730	987
501	988
334	989
233	990
3457	991
2105	992
3461	993
814	994
337	995
438	996
1528	997
4679	998
437	999
4658	1000
65	1001
548	1002
1175	1003
663	1004
4931	1005
87	1006
219	1007
2508	1008
219	1009
4548	1010
1417	1011
3277	1012
4785	1013
4911	1014
1318	1015
413	1016
2130	1017
47	1018
2139	1019
25	1020
47	1021
7	1022
39	1023
47	1024
3	1025
113	1026
113	1027
28	1028
63	1029
3	1030
3	1031
149	1032
20	1033
375	1034
526	1035
20	1036
230	1037
1592	1038
2414	1039
1603	1040
498	1041
2596	1042
85	1043
155	1044
1068	1045
239	1046
245	1047
1805	1048
602	1049
3533	1050
1662	1051
2118	1052
2830	1053
665	1054
4506	1055
2256	1056
930	1057
1872	1058
3036	1059
3942	1060
2260	1061
2938	1062
4768	1063
2750	1064
1563	1065
2375	1066
3082	1067
4317	1068
744	1069
216	1070
270	1071
152	1072
4	1073
1650	1074
1759	1075
3602	1076
4554	1077
727	1078
97	1079
1337	1080
1032	1081
818	1082
818	1083
2203	1084
371	1085
30	1086
336	1087
72	1088
3259	1089
3310	1090
570	1091
454	1092
456	1093
1464	1094
751	1095
391	1096
3273	1097
156	1098
784	1099
153	1100
480	1101
2916	1102
1737	1103
11	1104
11	1105
258	1106
1313	1107
596	1108
1858	1109
1519	1110
23	1111
556	1112
802	1113
1377	1114
839	1115
4245	1116
10	1117
187	1118
881	1119
724	1120
269	1121
187	1122
919	1123
40	1124
3302	1125
622	1126
484	1127
4535	1128
4948	1129
3218	1130
2617	1131
4564	1132
1116	1133
1903	1134
1838	1135
1152	1136
490	1137
1158	1138
70	1139
114	1140
780	1141
5	1142
469	1143
2746	1144
80	1145
3969	1146
400	1147
1651	1148
5	1149
891	1150
1531	1151
255	1152
2748	1153
43	1154
805	1155
8	1156
3631	1157
700	1158
31	1159
27	1160
8	1161
94	1162
94	1163
206	1164
706	1165
405	1166
82	1167
381	1168
102	1169
8	1170
103	1171
57	1172
128	1173
45	1174
177	1175
80	1176
8	1177
434	1178
802	1179
21	1180
82	1181
294	1182
80	1183
1469	1184
443	1185
1847	1186
2240	1187
5	1188
9	1189
127	1190
1014	1191
335	1192
2151	1193
21	1194
68	1195
207	1196
214	1197
312	1198
642	1199
30	1200
27	1201
112	1202
8	1203
644	1204
206	1205
213	1206
103	1207
1035	1208
9	1209
19	1210
227	1211
21	1212
440	1213
19	1214
54	1215
647	1216
9	1217
735	1218
2543	1219
58	1220
10	1221
9	1222
418	1223
58	1224
647	1225
417	1226
43	1227
2743	1228
205	1229
30	1230
286	1231
648	1232
13	1233
10	1234
780	1235
30	1236
5	1237
5	1238
205	1239
77	1240
418	1241
9	1242
9	1243
9	1244
9	1245
5	1246
92	1247
417	1248
5	1249
30	1250
705	1251
41	1252
1154	1253
1406	1254
114	1255
58	1256
8	1257
2735	1258
227	1259
6	1260
1089	1261
57	1262
537	1263
54	1264
41	1265
5	1266
177	1267
205	1268
644	1269
44	1270
27	1271
21	1272
54	1273
5	1274
129	1275
641	1276
122	1277
57	1278
41	1279
45	1280
1724	1281
19	1282
188	1283
3948	1284
31	1285
30	1286
10	1287
645	1288
136	1289
646	1290
485	1291
485	1292
440	1293
80	1294
356	1295
707	1296
119	1297
1538	1298
409	1299
1183	1300
1619	1301
720	1302
4064	1303
1758	1304
989	1305
97	1306
1159	1307
31	1308
128	1309
3401	1310
779	1311
109	1312
2204	1313
70	1314
1114	1315
17	1316
373	1317
1160	1318
824	1319
8	1320
1532	1321
1416	1322
57	1323
2747	1324
380	1325
148	1326
30	1327
2737	1328
43	1329
93	1330
3960	1331
4283	1332
8	1333
45	1334
1163	1335
5	1336
132	1337
417	1338
77	1339
5	1340
174	1341
1409	1342
331	1343
1975	1344
3587	1345
94	1346
1088	1347
93	1348
213	1349
378	1350
142	1351
182	1352
1158	1353
27	1354
1415	1355
3636	1356
21	1357
21	1358
2157	1359
54	1360
486	1361
3635	1362
308	1363
27	1364
5	1365
30	1366
19	1367
462	1368
3249	1369
643	1370
4759	1371
44	1372
27	1373
295	1374
2738	1375
45	1376
127	1377
359	1378
70	1379
416	1380
17	1381
3966	1382
1153	1383
1162	1384
54	1385
3965	1386
1428	1387
4467	1388
3702	1389
5069	1390
1818	1391
1818	1392
4371	1393
79	1394
3990	1395
3427	1396
1013	1397
3796	1398
781	1399
2378	1400
1526	1401
1958	1402
599	1403
1429	1404
3429	1405
3988	1406
1429	1407
859	1408
1733	1409
772	1410
1729	1411
1425	1412
2391	1413
743	1414
53	1415
765	1416
21	1417
3637	1418
779	1419
3971	1420
1141	1421
961	1422
16	1423
1408	1424
357	1425
5	1426
82	1427
4775	1428
103	1429
312	1430
93	1431
57	1432
59	1433
129	1434
13	1435
44	1436
16	1437
17	1438
214	1439
70	1440
508	1441
80	1442
27	1443
1057	1444
2742	1445
113	1446
825	1447
92	1448
1412	1449
3001	1450
77	1451
1533	1452
326	1453
508	1454
188	1455
136	1456
181	1457
177	1458
3593	1459
2727	1460
94	1461
1532	1462
381	1463
128	1464
374	1465
10	1466
213	1467
5	1468
21	1469
19	1470
1335	1471
178	1472
300	1473
403	1474
59	1475
1583	1476
2546	1477
5202	1478
2993	1479
2128	1480
541	1481
491	1482
4449	1483
1612	1484
732	1485
2586	1486
1264	1487
2185	1488
353	1489
352	1490
2702	1491
517	1492
3574	1493
781	1494
488	1495
781	1496
3442	1497
224	1498
92	1499
995	1500
2195	1501
2202	1502
590	1503
83	1504
1044	1505
1962	1506
450	1507
1589	1508
2824	1509
2679	1510
126	1511
1023	1512
488	1513
452	1514
5022	1515
1257	1516
294	1517
32	1518
3615	1519
3677	1520
49	1521
804	1522
425	1523
1199	1524
866	1525
4938	1526
2917	1527
4880	1528
5134	1529
5009	1530
4387	1531
1596	1532
4568	1533
1351	1534
4437	1535
3563	1536
4818	1537
3294	1538
3339	1539
1856	1540
1627	1541
3869	1542
4815	1543
1994	1544
1123	1545
2696	1546
4800	1547
2259	1548
4176	1549
1022	1550
2911	1551
131	1552
210	1553
3441	1554
1793	1555
1924	1556
1167	1557
2305	1558
4483	1559
652	1560
4765	1561
216	1562
2548	1563
3909	1564
3614	1565
4169	1566
3881	1567
4877	1568
1833	1569
89	1570
1062	1571
89	1572
1432	1573
2220	1574
514	1575
3072	1576
4887	1577
2507	1578
5206	1579
5097	1580
2072	1581
3936	1582
3102	1583
66	1584
4814	1585
1745	1586
4767	1587
4838	1588
4820	1589
463	1590
1082	1591
2112	1592
4672	1593
1699	1594
2914	1595
339	1596
15	1597
4122	1598
3717	1599
4529	1600
762	1601
685	1602
4520	1603
635	1604
1899	1605
367	1606
322	1607
2225	1608
4152	1609
429	1610
659	1611
4618	1612
2827	1613
3834	1614
1270	1615
1145	1616
4604	1617
279	1618
126	1619
421	1620
4004	1621
133	1622
238	1623
343	1624
2785	1625
422	1626
1551	1627
2796	1628
3590	1629
1859	1630
809	1631
2492	1632
2179	1633
208	1634
1556	1635
932	1636
3318	1637
1798	1638
96	1639
4301	1640
315	1641
1471	1642
4384	1643
743	1644
444	1645
3271	1646
346	1647
4569	1648
471	1649
3452	1650
4843	1651
273	1652
4665	1653
4029	1654
1863	1655
3758	1656
4281	1657
3107	1658
2756	1659
1101	1660
1803	1661
3	1662
5016	1663
4305	1664
980	1665
1497	1666
1585	1667
413	1668
5042	1669
3608	1670
428	1671
1795	1672
759	1673
2521	1674
1593	1675
1279	1676
236	1677
1542	1678
2653	1679
3738	1680
2951	1681
3570	1682
1498	1683
1770	1684
1149	1685
1617	1686
730	1687
32	1688
3117	1689
4282	1690
4603	1691
4392	1692
2037	1693
4228	1694
756	1695
4106	1696
4	1697
1598	1698
1493	1699
783	1700
516	1701
1680	1702
4662	1703
784	1704
3562	1705
505	1706
3182	1707
3157	1708
2223	1709
2368	1710
5031	1711
3288	1712
4339	1713
1080	1714
2803	1715
1169	1716
3170	1717
887	1718
4788	1719
730	1720
1645	1721
215	1722
3095	1723
2978	1724
1483	1725
3013	1726
1542	1727
464	1728
2253	1729
1309	1730
3867	1731
2907	1732
1407	1733
2322	1734
1543	1735
1232	1736
42	1737
4648	1738
513	1739
1706	1740
1505	1741
346	1742
1359	1743
346	1744
943	1745
3709	1746
2094	1747
274	1748
1854	1749
1813	1750
4902	1751
4492	1752
850	1753
234	1754
862	1755
105	1756
3487	1757
505	1758
1149	1759
2021	1760
1225	1761
208	1762
4422	1763
5050	1764
1496	1765
1806	1766
3886	1767
1795	1768
2156	1769
4253	1770
1677	1771
1579	1772
2250	1773
4192	1774
2349	1775
2052	1776
945	1777
3624	1778
1963	1779
934	1780
1017	1781
1831	1782
1366	1783
1548	1784
2928	1785
87	1786
10	1787
761	1788
2186	1789
673	1790
1400	1791
2913	1792
10	1793
78	1794
1395	1795
3211	1796
10	1797
849	1798
56	1799
386	1800
136	1801
222	1802
4084	1803
2699	1804
4752	1805
1734	1806
3878	1807
4740	1808
1823	1809
1	1810
6	1811
309	1812
1314	1813
207	1814
1314	1815
242	1816
94	1817
249	1818
3485	1819
479	1820
4461	1821
1283	1822
1744	1823
1513	1824
256	1825
851	1826
1573	1827
3826	1828
4300	1829
4456	1830
165	1831
1614	1832
2	1833
3691	1834
1450	1835
1487	1836
149	1837
10	1838
1677	1839
756	1840
117	1841
3690	1842
758	1843
62	1844
195	1845
1286	1846
807	1847
971	1848
1484	1849
329	1850
1624	1851
1361	1852
595	1853
1487	1854
1438	1855
1886	1856
40	1857
99	1858
217	1859
1	1860
1503	1861
39	1862
770	1863
764	1864
2752	1865
763	1866
1284	1867
1	1868
1775	1869
664	1870
1470	1871
12	1872
263	1873
457	1874
690	1875
46	1876
580	1877
56	1878
3768	1879
573	1880
323	1881
26	1882
615	1883
133	1884
472	1885
584	1886
24	1887
120	1888
64	1889
46	1890
220	1891
15	1892
7	1893
83	1894
160	1895
2946	1896
155	1897
23	1898
1267	1899
839	1900
6	1901
3472	1902
970	1903
1363	1904
3	1905
818	1906
1678	1907
810	1908
737	1909
1029	1910
1622	1911
3268	1912
1841	1913
1373	1914
5142	1915
3812	1916
1204	1917
25	1918
328	1919
477	1920
3091	1921
4280	1922
1	1923
3856	1924
2370	1925
1034	1926
821	1927
4257	1928
1882	1929
700	1930
4959	1931
755	1932
1639	1933
4962	1934
4610	1935
69	1936
325	1937
1172	1938
504	1939
235	1940
2627	1941
134	1942
51	1943
1473	1944
134	1945
3829	1946
1750	1947
450	1948
1747	1949
18	1950
717	1951
1461	1952
831	1953
1655	1954
4022	1955
3328	1956
210	1957
414	1958
2612	1959
2057	1960
497	1961
877	1962
3646	1963
191	1964
3482	1965
3274	1966
4941	1967
4166	1968
4556	1969
1273	1970
4273	1971
1451	1972
464	1973
3771	1974
546	1975
5178	1976
1419	1977
1794	1978
844	1979
2950	1980
2010	1981
965	1982
3560	1983
3874	1984
1301	1985
1294	1986
3198	1987
493	1988
429	1989
160	1990
504	1991
3069	1992
4491	1993
1277	1994
2451	1995
4809	1996
2189	1997
679	1998
3043	1999
439	2000
1128	2001
369	2002
15	2003
691	2004
1569	2005
124	2006
38	2007
431	2008
55	2009
868	2010
1399	2011
2491	2012
1690	2013
7	2014
105	2015
345	2016
1	2017
475	2018
107	2019
929	2020
929	2021
2571	2022
2341	2023
300	2024
4628	2025
2806	2026
1510	2027
1775	2028
3133	2029
1992	2030
2559	2031
3476	2032
1187	2033
1498	2034
1506	2035
215	2036
3035	2037
4949	2038
1500	2039
4567	2040
3176	2041
1505	2042
2992	2043
151	2044
512	2045
2995	2046
2023	2047
1265	2048
376	2049
4619	2050
267	2051
6	2052
717	2053
189	2054
450	2055
2876	2056
6	2057
17	2058
459	2059
4284	2060
48	2061
2	2062
723	2063
165	2064
271	2065
1373	2066
501	2067
4886	2068
356	2069
3892	2070
2	2071
372	2072
196	2073
583	2074
1642	2075
694	2076
5035	2077
1309	2078
4312	2079
4218	2080
3329	2081
262	2082
3267	2083
217	2084
1451	2085
1105	2086
840	2087
596	2088
407	2089
97	2090
290	2091
729	2092
726	2093
726	2094
238	2095
4430	2096
4092	2097
1735	2098
5068	2099
143	2100
4704	2101
964	2102
5188	2103
740	2104
243	2105
3816	2106
467	2107
1493	2108
2459	2109
3828	2110
314	2111
8	2112
2245	2113
3263	2114
757	2115
810	2116
3832	2117
243	2118
900	2119
3787	2120
1478	2121
257	2122
93	2123
297	2124
1448	2125
1103	2126
787	2127
2774	2128
740	2129
29	2130
1250	2131
4594	2132
260	2133
482	2134
4133	2135
457	2136
3778	2137
3113	2138
639	2139
2626	2140
166	2141
852	2142
1076	2143
228	2144
1520	2145
2	2146
836	2147
837	2148
1221	2149
4940	2150
2531	2151
201	2152
1362	2153
1045	2154
2111	2155
1459	2156
1689	2157
1691	2158
12	2159
1853	2160
4373	2161
22	2162
1753	2163
1125	2164
1946	2165
4901	2166
4848	2167
4221	2168
2252	2169
2935	2170
298	2171
1849	2172
126	2173
483	2174
4523	2175
460	2176
499	2177
498	2178
76	2179
1939	2180
200	2181
139	2182
462	2183
1069	2184
3617	2185
447	2186
220	2187
222	2188
133	2189
1008	2190
837	2191
2755	2192
1433	2193
1210	2194
5149	2195
2244	2196
3134	2197
292	2198
2966	2199
3440	2200
350	2201
460	2202
2162	2203
3671	2204
3342	2205
1397	2206
291	2207
2427	2208
1334	2209
1502	2210
2192	2211
1452	2212
1970	2213
36	2214
1363	2215
4335	2216
216	2217
1864	2218
2468	2219
4401	2220
275	2221
2421	2222
850	2223
1497	2224
5008	2225
3710	2226
912	2227
4696	2228
768	2229
767	2230
1492	2231
4694	2232
3692	2233
3996	2234
2131	2235
3876	2236
1539	2237
3513	2238
296	2239
38	2240
471	2241
5176	2242
936	2243
4125	2244
1424	2245
639	2246
1336	2247
114	2248
665	2249
179	2250
13	2251
54	2252
379	2253
13	2254
775	2255
4143	2256
753	2257
4048	2258
1447	2259
407	2260
1335	2261
1161	2262
92	2263
1159	2264
1646	2265
167	2266
16	2267
326	2268
19	2269
13	2270
19	2271
31	2272
416	2273
3398	2274
244	2275
647	2276
953	2277
680	2278
163	2279
371	2280
1249	2281
13	2282
59	2283
16	2284
188	2285
168	2286
112	2287
21	2288
775	2289
13	2290
213	2291
5	2292
508	2293
891	2294
1502	2295
729	2296
2984	2297
1852	2298
4138	2299
1539	2300
3824	2301
33	2302
304	2303
1471	2304
154	2305
165	2306
2537	2307
3567	2308
3566	2309
496	2310
2975	2311
2843	2312
4072	2313
1469	2314
4466	2315
1287	2316
790	2317
866	2318
116	2319
154	2320
158	2321
1714	2322
763	2323
1081	2324
4347	2325
3627	2326
3164	2327
2931	2328
924	2329
1058	2330
2515	2331
4812	2332
2897	2333
494	2334
144	2335
766	2336
760	2337
3894	2338
3607	2339
2041	2340
4091	2341
391	2342
668	2343
579	2344
3701	2345
35	2346
899	2347
3387	2348
632	2349
377	2350
545	2351
164	2352
3363	2353
3704	2354
340	2355
347	2356
571	2357
1470	2358
638	2359
1790	2360
328	2361
410	2362
1310	2363
3844	2364
317	2365
305	2366
765	2367
753	2368
621	2369
135	2370
7	2371
303	2372
3822	2373
6	2374
546	2375
1145	2376
3648	2377
4286	2378
3215	2379
3561	2380
1868	2381
4255	2382
8	2383
1072	2384
3814	2385
152	2386
995	2387
580	2388
2675	2389
149	2390
4607	2391
1784	2392
152	2393
2584	2394
1358	2395
268	2396
636	2397
270	2398
86	2399
119	2400
573	2401
1466	2402
351	2403
146	2404
11	2405
1250	2406
1714	2407
1078	2408
3326	2409
385	2410
723	2411
4510	2412
1029	2413
1275	2414
2201	2415
161	2416
3823	2417
389	2418
576	2419
2148	2420
1457	2421
3743	2422
239	2423
1664	2424
2269	2425
110	2426
65	2427
2297	2428
45	2429
2355	2430
2401	2431
1186	2432
57	2433
4363	2434
2403	2435
3511	2436
390	2437
4504	2438
3286	2439
51	2440
516	2441
549	2442
4473	2443
3354	2444
2715	2445
215	2446
1436	2447
1038	2448
4119	2449
1115	2450
865	2451
2871	2452
3460	2453
4244	2454
2649	2455
3931	2456
511	2457
768	2458
5066	2459
2302	2460
2064	2461
1887	2462
2734	2463
2579	2464
1454	2465
2149	2466
3166	2467
164	2468
1896	2469
28	2470
490	2471
835	2472
1140	2473
148	2474
2119	2475
404	2476
633	2477
1440	2478
2622	2479
69	2480
1174	2481
1365	2482
984	2483
4798	2484
3260	2485
1034	2486
517	2487
2	2488
2623	2489
223	2490
3	2491
2344	2492
1465	2493
1281	2494
3699	2495
1040	2496
847	2497
5136	2498
113	2499
1	2500
145	2501
4	2502
115	2503
81	2504
12	2505
3097	2506
365	2507
841	2508
151	2509
2369	2510
4134	2511
4000	2512
349	2513
1151	2514
651	2515
651	2516
3730	2517
2096	2518
4997	2519
2257	2520
471	2521
1798	2522
4975	2523
38	2524
156	2525
347	2526
837	2527
1694	2528
1695	2529
4602	2530
90	2531
3552	2532
1605	2533
427	2534
3446	2535
2634	2536
2869	2537
3193	2538
229	2539
729	2540
2561	2541
4907	2542
5047	2543
354	2544
1278	2545
4045	2546
4117	2547
1142	2548
96	2549
4654	2550
1085	2551
5113	2552
531	2553
245	2554
516	2555
145	2556
2778	2557
631	2558
4910	2559
607	2560
336	2561
2909	2562
1703	2563
2076	2564
3226	2565
1020	2566
2365	2567
4177	2568
5165	2569
4587	2570
2536	2571
2676	2572
4118	2573
3195	2574
3189	2575
688	2576
688	2577
778	2578
778	2579
201	2580
1838	2581
75	2582
2819	2583
314	2584
100	2585
40	2586
371	2587
1032	2588
2290	2589
506	2590
8	2591
2056	2592
3686	2593
2729	2594
1356	2595
362	2596
441	2597
4770	2598
702	2599
96	2600
169	2601
448	2602
448	2603
2020	2604
1967	2605
4175	2606
1320	2607
814	2608
637	2609
1778	2610
4320	2611
164	2612
2779	2613
664	2614
1050	2615
701	2616
4025	2617
1439	2618
3761	2619
654	2620
314	2621
2397	2622
1653	2623
69	2624
3282	2625
4673	2626
1791	2627
5048	2628
75	2629
424	2630
4124	2631
1382	2632
424	2633
759	2634
3208	2635
191	2636
185	2637
7	2638
25	2639
15	2640
3	2641
17	2642
2681	2643
3190	2644
323	2645
4773	2646
843	2647
91	2648
278	2649
793	2650
278	2651
278	2652
23	2653
1576	2654
525	2655
12	2656
228	2657
2251	2658
228	2659
325	2660
1854	2661
1219	2662
2615	2663
1428	2664
4539	2665
1845	2666
920	2667
4947	2668
3027	2669
1788	2670
2947	2671
4002	2672
1244	2673
88	2674
1119	2675
4196	2676
1830	2677
1579	2678
4501	2679
1235	2680
3096	2681
1144	2682
1226	2683
4844	2684
4550	2685
3385	2686
1828	2687
468	2688
3657	2689
1008	2690
2001	2691
4774	2692
67	2693
1448	2694
303	2695
559	2696
1835	2697
1247	2698
667	2699
1928	2700
1523	2701
906	2702
4806	2703
1052	2704
2801	2705
3981	2706
3384	2707
327	2708
55	2709
99	2710
55	2711
222	2712
261	2713
134	2714
73	2715
99	2716
3073	2717
4249	2718
3380	2719
522	2720
800	2721
134	2722
1930	2723
4871	2724
3752	2725
1366	2726
18	2727
262	2728
688	2729
1686	2730
414	2731
1769	2732
122	2733
3324	2734
1710	2735
5101	2736
1783	2737
3872	2738
258	2739
4974	2740
171	2741
4440	2742
3514	2743
4225	2744
368	2745
1245	2746
1304	2747
200	2748
3914	2749
773	2750
52	2751
101	2752
1780	2753
29	2754
665	2755
1665	2756
40	2757
198	2758
4159	2759
793	2760
23	2761
4342	2762
1756	2763
583	2764
3547	2765
1	2766
2144	2767
878	2768
4444	2769
823	2770
697	2771
3	2772
4867	2773
3755	2774
3248	2775
1615	2776
4019	2777
281	2778
4970	2779
173	2780
584	2781
3007	2782
622	2783
4	2784
105	2785
2214	2786
497	2787
4350	2788
2165	2789
1988	2790
2456	2791
1568	2792
2841	2793
649	2794
663	2795
826	2796
301	2797
139	2798
553	2799
2182	2800
2840	2801
692	2802
4841	2803
2857	2804
191	2805
20	2806
5079	2807
3120	2808
4825	2809
2807	2810
330	2811
1039	2812
3750	2813
186	2814
2625	2815
280	2816
2568	2817
921	2818
1225	2819
3481	2820
747	2821
4463	2822
473	2823
5002	2824
470	2825
782	2826
192	2827
2874	2828
3564	2829
923	2830
1130	2831
1131	2832
2886	2833
1018	2834
353	2835
1578	2836
1663	2837
951	2838
1839	2839
1450	2840
1938	2841
4066	2842
4137	2843
176	2844
1961	2845
196	2846
3540	2847
4634	2848
2462	2849
715	2850
151	2851
100	2852
67	2853
308	2854
185	2855
1	2856
32	2857
2360	2858
3845	2859
274	2860
33	2861
33	2862
3833	2863
1553	2864
1444	2865
156	2866
2431	2867
38	2868
446	2869
3	2870
696	2871
402	2872
575	2873
2373	2874
1717	2875
1525	2876
5153	2877
149	2878
1621	2879
1514	2880
12	2881
277	2882
410	2883
195	2884
199	2885
1367	2886
73	2887
1388	2888
1772	2889
235	2890
827	2891
2901	2892
4414	2893
1256	2894
154	2895
1554	2896
3885	2897
1496	2898
90	2899
3898	2900
843	2901
5049	2902
3859	2903
700	2904
434	2905
434	2906
3896	2907
158	2908
3183	2909
1808	2910
4900	2911
17	2912
1156	2913
3049	2914
198	2915
1936	2916
99	2917
1348	2918
2007	2919
879	2920
4058	2921
553	2922
46	2923
6	2924
302	2925
4325	2926
1024	2927
1511	2928
882	2929
3175	2930
310	2931
54	2932
1059	2933
2516	2934
1888	2935
1674	2936
4100	2937
3434	2938
798	2939
2210	2940
4198	2941
5052	2942
1243	2943
349	2944
2337	2945
915	2946
202	2947
409	2948
2470	2949
815	2950
1562	2951
3333	2952
3718	2953
3112	2954
662	2955
805	2956
772	2957
4408	2958
4	2959
1	2960
1	2961
10	2962
20	2963
4489	2964
681	2965
1102	2966
3125	2967
1537	2968
496	2969
1512	2970
862	2971
1302	2972
2659	2973
1755	2974
4480	2975
91	2976
1188	2977
1168	2978
703	2979
218	2980
3534	2981
4098	2982
1220	2983
425	2984
1242	2985
4842	2986
745	2987
4469	2988
1166	2989
774	2990
3233	2991
1013	2992
18	2993
2247	2994
15	2995
598	2996
105	2997
2152	2998
1210	2999
1774	3000
231	3001
1252	3002
95	3003
2465	3004
844	3005
231	3006
509	3007
3785	3008
866	3009
2569	3010
2990	3011
3197	3012
1212	3013
1059	3014
1457	3015
2517	3016
1171	3017
1265	3018
725	3019
3616	3020
745	3021
4779	3022
2227	3023
4589	3024
3447	3025
785	3026
3118	3027
4540	3028
864	3029
2815	3030
4151	3031
4097	3032
2513	3033
3343	3034
1861	3035
3735	3036
4640	3037
104	3038
2601	3039
684	3040
1767	3041
3660	3042
3737	3043
1397	3044
3018	3045
29	3046
1572	3047
118	3048
543	3049
2976	3050
3201	3051
2895	3052
2981	3053
109	3054
109	3055
1739	3056
162	3057
4875	3058
743	3059
601	3060
3316	3061
1463	3062
1504	3063
4033	3064
1612	3065
2498	3066
2692	3067
145	3068
20	3069
20	3070
20	3071
6	3072
1294	3073
4572	3074
1074	3075
4044	3076
4528	3077
284	3078
752	3079
1052	3080
1657	3081
757	3082
630	3083
25	3084
432	3085
14	3086
4722	3087
14	3088
14	3089
14	3090
14	3091
14	3092
4756	3093
14	3094
14	3095
14	3096
14	3097
14	3098
4730	3099
14	3100
14	3101
14	3102
1816	3103
14	3104
14	3105
14	3106
14	3107
293	3108
1093	3109
1261	3110
2949	3111
156	3112
4389	3113
1121	3114
42	3115
521	3116
796	3117
285	3118
1110	3119
4971	3120
67	3121
1617	3122
1	3123
4407	3124
4049	3125
4369	3126
4507	3127
2051	3128
211	3129
169	3130
120	3131
211	3132
94	3133
31	3134
13	3135
248	3136
952	3137
418	3138
1531	3139
736	3140
3962	3141
3953	3142
27	3143
213	3144
172	3145
854	3146
127	3147
736	3148
294	3149
641	3150
93	3151
26	3152
400	3153
67	3154
1651	3155
3946	3156
16	3157
138	3158
80	3159
5	3160
1156	3161
77	3162
77	3163
380	3164
399	3165
19	3166
5	3167
486	3168
2745	3169
3405	3170
490	3171
187	3172
30	3173
31	3174
16	3175
21	3176
372	3177
17	3178
188	3179
1152	3180
461	3181
31	3182
2469	3183
1494	3184
136	3185
207	3186
182	3187
43	3188
30	3189
440	3190
82	3191
1517	3192
269	3193
371	3194
612	3195
172	3196
381	3197
29	3198
405	3199
167	3200
1157	3201
114	3202
27	3203
8	3204
2147	3205
27	3206
4360	3207
27	3208
41	3209
1338	3210
27	3211
21	3212
227	3213
13	3214
380	3215
92	3216
112	3217
103	3218
214	3219
44	3220
92	3221
462	3222
5	3223
44	3224
103	3225
21	3226
308	3227
3525	3228
1155	3229
44	3230
13	3231
5	3232
403	3233
172	3234
102	3235
1427	3236
4024	3237
449	3238
1557	3239
275	3240
2270	3241
592	3242
3336	3243
55	3244
3103	3245
264	3246
95	3247
1442	3248
1117	3249
271	3250
789	3251
2308	3252
1691	3253
2880	3254
4103	3255
309	3256
1272	3257
745	3258
26	3259
1577	3260
1618	3261
716	3262
2	3263
3594	3264
1	3265
785	3266
1490	3267
137	3268
467	3269
104	3270
38	3271
328	3272
578	3273
4302	3274
1545	3275
328	3276
96	3277
3145	3278
983	3279
125	3280
201	3281
5083	3282
628	3283
386	3284
104	3285
29	3286
121	3287
378	3288
117	3289
2878	3290
328	3291
762	3292
20	3293
569	3294
977	3295
324	3296
1561	3297
4	3298
10	3299
1	3300
131	3301
1065	3302
191	3303
465	3304
426	3305
86	3306
808	3307
2438	3308
3475	3309
4012	3310
1547	3311
203	3312
354	3313
771	3314
1180	3315
728	3316
224	3317
795	3318
721	3319
48	3320
2844	3321
324	3322
1477	3323
567	3324
138	3325
1396	3326
506	3327
2187	3328
1246	3329
2393	3330
423	3331
125	3332
3846	3333
596	3334
1306	3335
555	3336
2633	3337
354	3338
270	3339
3838	3340
174	3341
1204	3342
664	3343
1463	3344
1472	3345
912	3346
409	3347
201	3348
376	3349
1484	3350
160	3351
786	3352
171	3353
220	3354
808	3355
3815	3356
271	3357
803	3358
17	3359
1468	3360
997	3361
1618	3362
122	3363
81	3364
17	3365
28	3366
3689	3367
3270	3368
570	3369
3265	3370
761	3371
1311	3372
133	3373
6	3374
552	3375
145	3376
753	3377
1619	3378
38	3379
7	3380
63	3381
20	3382
12	3383
15	3384
750	3385
120	3386
278	3387
345	3388
317	3389
477	3390
3	3391
81	3392
4703	3393
1360	3394
3810	3395
1616	3396
5194	3397
1105	3398
150	3399
415	3400
411	3401
4163	3402
3494	3403
3791	3404
2799	3405
986	3406
271	3407
3462	3408
2915	3409
4475	3410
4996	3411
861	3412
721	3413
2410	3414
3065	3415
151	3416
1599	3417
1634	3418
3555	3419
3172	3420
4796	3421
122	3422
1629	3423
815	3424
5029	3425
1499	3426
3870	3427
626	3428
719	3429
2408	3430
1375	3431
1926	3432
376	3433
1541	3434
4060	3435
477	3436
3386	3437
298	3438
2701	3439
302	3440
302	3441
3379	3442
886	3443
3058	3444
106	3445
251	3446
86	3447
608	3448
622	3449
2762	3450
617	3451
161	3452
123	3453
55	3454
576	3455
150	3456
212	3457
3605	3458
50	3459
2328	3460
3174	3461
3554	3462
3920	3463
502	3464
842	3465
1197	3466
42	3467
1760	3468
4062	3469
453	3470
4667	3471
1176	3472
1544	3473
2190	3474
42	3475
2739	3476
254	3477
387	3478
880	3479
1540	3480
1436	3481
2894	3482
500	3483
153	3484
467	3485
2218	3486
330	3487
3703	3488
325	3489
1355	3490
3399	3491
3205	3492
1036	3493
2514	3494
138	3495
3364	3496
2034	3497
1134	3498
504	3499
35	3500
60	3501
1047	3502
398	3503
520	3504
2791	3505
4481	3506
1259	3507
1474	3508
1147	3509
1430	3510
225	3511
1638	3512
1984	3513
158	3514
1813	3515
42	3516
1233	3517
506	3518
999	3519
89	3520
2644	3521
49	3522
341	3523
4067	3524
1015	3525
531	3526
942	3527
320	3528
261	3529
1286	3530
236	3531
627	3532
2372	3533
2404	3534
4424	3535
3206	3536
170	3537
2851	3538
147	3539
3745	3540
2449	3541
303	3542
1028	3543
2261	3544
3297	3545
335	3546
3350	3547
1415	3548
129	3549
146	3550
3798	3551
1005	3552
658	3553
1676	3554
32	3555
546	3556
1073	3557
1090	3558
1844	3559
1072	3560
370	3561
1807	3562
369	3563
2690	3564
4580	3565
3977	3566
1321	3567
2237	3568
50	3569
675	3570
162	3571
53	3572
332	3573
26	3574
3754	3575
1445	3576
3163	3577
33	3578
623	3579
2009	3580
282	3581
1648	3582
431	3583
2110	3584
1347	3585
285	3586
3	3587
280	3588
3431	3589
306	3590
306	3591
4813	3592
1114	3593
2	3594
193	3595
4399	3596
430	3597
2616	3598
718	3599
2318	3600
2352	3601
668	3602
1604	3603
949	3604
1575	3605
4078	3606
713	3607
739	3608
1623	3609
173	3610
3804	3611
49	3612
166	3613
29	3614
423	3615
4497	3616
822	3617
4837	3618
510	3619
321	3620
4490	3621
49	3622
1201	3623
735	3624
332	3625
388	3626
3146	3627
3402	3628
155	3629
446	3630
1702	3631
982	3632
667	3633
65	3634
318	3635
267	3636
65	3637
196	3638
511	3639
403	3640
5099	3641
1199	3642
480	3643
1720	3644
199	3645
89	3646
608	3647
127	3648
1075	3649
2718	3650
3046	3651
2703	3652
317	3653
3084	3654
4920	3655
574	3656
64	3657
503	3658
1761	3659
946	3660
233	3661
4835	3662
932	3663
283	3664
97	3665
280	3666
63	3667
5	3668
1166	3669
5026	3670
68	3671
2582	3672
1571	3673
1519	3674
1298	3675
165	3676
2683	3677
4857	3678
269	3679
73	3680
269	3681
820	3682
1312	3683
4279	3684
2335	3685
226	3686
150	3687
4074	3688
233	3689
145	3690
107	3691
1226	3692
104	3693
713	3694
503	3695
5033	3696
1549	3697
28	3698
3527	3699
1237	3700
76	3701
265	3702
4008	3703
712	3704
5174	3705
1421	3706
3416	3707
1	3708
4855	3709
1982	3710
3295	3711
4684	3712
8	3713
4681	3714
2050	3715
3311	3716
459	3717
222	3718
1005	3719
1405	3720
1633	3721
4	3722
3501	3723
625	3724
320	3725
155	3726
841	3727
2299	3728
98	3729
1749	3730
1615	3731
95	3732
794	3733
113	3734
1120	3735
1047	3736
2705	3737
1494	3738
3598	3739
3319	3740
4459	3741
4816	3742
809	3743
315	3744
614	3745
2669	3746
656	3747
2527	3748
896	3749
958	3750
43	3751
1063	3752
231	3753
1852	3754
505	3755
2296	3756
306	3757
283	3758
55	3759
918	3760
1763	3761
1932	3762
582	3763
4328	3764
308	3765
396	3766
3048	3767
4691	3768
419	3769
4680	3770
143	3771
360	3772
23	3773
235	3774
2026	3775
721	3776
45	3777
3930	3778
894	3779
2509	3780
2889	3781
4581	3782
1038	3783
48	3784
166	3785
107	3786
2396	3787
18	3788
3	3789
1722	3790
1722	3791
1255	3792
653	3793
3545	3794
3970	3795
5071	3796
985	3797
185	3798
18	3799
1611	3800
3604	3801
124	3802
340	3803
267	3804
454	3805
2285	3806
789	3807
1001	3808
221	3809
170	3810
318	3811
53	3812
393	3813
393	3814
2276	3815
219	3816
299	3817
211	3818
413	3819
74	3820
1871	3821
48	3822
2000	3823
2968	3824
2265	3825
529	3826
895	3827
1628	3828
106	3829
2484	3830
102	3831
283	3832
1783	3833
4379	3834
3866	3835
1671	3836
1285	3837
1626	3838
1255	3839
812	3840
495	3841
2004	3842
5215	3843
1061	3844
2932	3845
4130	3846
1347	3847
655	3848
74	3849
655	3850
1113	3851
4599	3852
1546	3853
91	3854
2298	3855
4031	3856
217	3857
2677	3858
5024	3859
4146	3860
1644	3861
156	3862
676	3863
676	3864
910	3865
3232	3866
1925	3867
10	3868
445	3869
263	3870
768	3871
1809	3872
1	3873
115	3874
712	3875
235	3876
1839	3877
4488	3878
748	3879
4608	3880
3711	3881
2786	3882
2941	3883
2077	3884
229	3885
1793	3886
5138	3887
4944	3888
5137	3889
240	3890
1216	3891
1434	3892
3187	3893
3613	3894
1802	3895
2834	3896
2908	3897
3903	3898
3972	3899
1165	3900
3135	3901
1548	3902
1307	3903
760	3904
4306	3905
1625	3906
4697	3907
3312	3908
8	3909
816	3910
1709	3911
4822	3912
2749	3913
89	3914
35	3915
71	3916
144	3917
144	3918
4332	3919
1863	3920
1842	3921
4419	3922
3443	3923
2530	3924
344	3925
208	3926
3781	3927
1503	3928
3675	3929
3106	3930
815	3931
1241	3932
351	3933
1071	3934
3653	3935
693	3936
2887	3937
3303	3938
2241	3939
1111	3940
1419	3941
3883	3942
3266	3943
388	3944
387	3945
532	3946
198	3947
2632	3948
1846	3949
130	3950
4243	3951
88	3952
289	3953
1635	3954
604	3955
42	3956
4268	3957
3486	3958
453	3959
395	3960
395	3961
41	3962
393	3963
55	3964
51	3965
265	3966
287	3967
4647	3968
648	3969
205	3970
242	3971
9	3972
155	3973
5003	3974
4251	3975
34	3976
1386	3977
486	3978
107	3979
107	3980
374	3981
1109	3982
350	3983
1902	3984
110	3985
168	3986
3516	3987
4786	3988
194	3989
4761	3990
1667	3991
1565	3992
940	3993
395	3994
3992	3995
24	3996
193	3997
25	3998
233	3999
234	4000
3	4001
3	4002
7	4003
1482	4004
174	4005
15	4006
601	4007
2229	4008
3890	4009
63	4010
1489	4011
100	4012
259	4013
607	4014
572	4015
47	4016
558	4017
447	4018
3	4019
263	4020
5034	4021
2357	4022
293	4023
293	4024
5038	4025
63	4026
2	4027
17	4028
24	4029
38	4030
20	4031
1	4032
174	4033
20	4034
1	4035
7	4036
1	4037
6	4038
4	4039
7	4040
62	4041
222	4042
7	4043
113	4044
24	4045
20	4046
100	4047
3964	4048
1552	4049
281	4050
119	4051
289	4052
4334	4053
7	4054
996	4055
2249	4056
1462	4057
3264	4058
4904	4059
15	4060
28	4061
10	4062
496	4063
4701	4064
4127	4065
4547	4066
883	4067
321	4068
513	4069
2158	4070
1236	4071
129	4072
550	4073
202	4074
2910	4075
33	4076
1385	4077
287	4078
614	4079
717	4080
1842	4081
2591	4082
9	4083
4144	4084
3228	4085
212	4086
4690	4087
1343	4088
1736	4089
1728	4090
4723	4091
4748	4092
1551	4093
830	4094
168	4095
6	4096
556	4097
960	4098
12	4099
28	4100
3473	4101
29	4102
959	4103
5127	4104
4468	4105
2140	4106
117	4107
53	4108
3957	4109
39	4110
26	4111
555	4112
590	4113
3662	4114
1328	4115
156	4116
3719	4117
1971	4118
100	4119
35	4120
35	4121
232	4122
232	4123
2338	4124
1713	4125
3891	4126
4219	4127
4537	4128
770	4129
3110	4130
422	4131
91	4132
96	4133
277	4134
367	4135
1229	4136
4517	4137
3941	4138
176	4139
353	4140
309	4141
819	4142
2598	4143
1568	4144
3044	4145
2333	4146
1147	4147
1173	4148
151	4149
131	4150
448	4151
319	4152
12	4153
1485	4154
336	4155
368	4156
368	4157
4762	4158
368	4159
2075	4160
3149	4161
287	4162
3650	4163
1779	4164
741	4165
1456	4166
1084	4167
2529	4168
1486	4169
3836	4170
1486	4171
1858	4172
4629	4173
991	4174
1897	4175
4457	4176
742	4177
257	4178
228	4179
287	4180
684	4181
965	4182
137	4183
1368	4184
933	4185
24	4186
1171	4187
1130	4188
606	4189
4642	4190
3774	4191
3772	4192
2512	4193
561	4194
2777	4195
1203	4196
618	4197
697	4198
1393	4199
661	4200
337	4201
572	4202
1472	4203
1482	4204
3820	4205
330	4206
1476	4207
762	4208
23	4209
3852	4210
3839	4211
810	4212
3670	4213
3808	4214
449	4215
4009	4216
6	4217
1015	4218
2291	4219
14	4220
604	4221
67	4222
1730	4223
1727	4224
3017	4225
507	4226
1728	4227
459	4228
1738	4229
1768	4230
473	4231
3407	4232
1820	4233
4753	4234
857	4235
4709	4236
4726	4237
4717	4238
5073	4239
4729	4240
5059	4241
4727	4242
858	4243
4732	4244
4733	4245
858	4246
857	4247
1725	4248
507	4249
858	4250
3408	4251
507	4252
4758	4253
1816	4254
4755	4255
1740	4256
1727	4257
1733	4258
860	4259
4736	4260
4731	4261
4738	4262
4751	4263
507	4264
1817	4265
873	4266
1731	4267
1739	4268
1339	4269
1398	4270
2541	4271
3672	4272
306	4273
983	4274
3355	4275
3349	4276
3014	4277
1918	4278
708	4279
120	4280
764	4281
10	4282
121	4283
1606	4284
2457	4285
5032	4286
454	4287
2	4288
155	4289
359	4290
820	4291
4104	4292
666	4293
1464	4294
1574	4295
1943	4296
5041	4297
611	4298
93	4299
67	4300
3997	4301
26	4302
516	4303
64	4304
679	4305
105	4306
3239	4307
1554	4308
4217	4309
7	4310
4264	4311
1248	4312
5012	4313
82	4314
2374	4315
432	4316
2454	4317
1297	4318
3317	4319
29	4320
31	4321
2060	4322
221	4323
99	4324
4551	4325
1552	4326
125	4327
3788	4328
201	4329
5040	4330
18	4331
226	4332
38	4333
3	4334
16	4335
1186	4336
1097	4337
162	4338
373	4339
426	4340
39	4341
305	4342
2	4343
4184	4344
170	4345
568	4346
1790	4347
801	4348
3603	4349
406	4350
925	4351
2350	4352
319	4353
6	4354
686	4355
118	4356
374	4357
754	4358
44	4359
111	4360
474	4361
1966	4362
3341	4363
1278	4364
77	4365
10	4366
40	4367
1121	4368
4695	4369
163	4370
1766	4371
783	4372
2879	4373
2877	4374
4102	4375
4352	4376
1521	4377
509	4378
512	4379
1460	4380
3827	4381
1362	4382
120	4383
3005	4384
1976	4385
519	4386
3243	4387
4294	4388
147	4389
4734	4390
334	4391
563	4392
634	4393
4299	4394
4296	4395
2248	4396
1553	4397
1543	4398
267	4399
2	4400
147	4401
1545	4402
4	4403
63	4404
3813	4405
575	4406
98	4407
1	4408
3766	4409
4570	4410
733	4411
4719	4412
384	4413
83	4414
931	4415
2441	4416
105	4417
56	4418
487	4419
113	4420
102	4421
56	4422
2888	4423
3287	4424
1592	4425
4374	4426
2875	4427
1954	4428
158	4429
1268	4430
322	4431
3911	4432
2761	4433
2863	4434
2898	4435
8	4436
2159	4437
4896	4438
4533	4439
4179	4440
4560	4441
2977	4442
4935	4443
1934	4444
4912	4445
2385	4446
771	4447
3223	4448
940	4449
1200	4450
3439	4451
4181	4452
4183	4453
1194	4454
4932	4455
2957	4456
3020	4457
240	4458
79	4459
709	4460
305	4461
571	4462
1055	4463
1043	4464
122	4465
2667	4466
1645	4467
1405	4468
4402	4469
1182	4470
3538	4471
2222	4472
2760	4473
2255	4474
3795	4475
518	4476
4173	4477
2399	4478
1935	4479
1352	4480
1345	4481
281	4482
2040	4483
657	4484
433	4485
838	4486
1198	4487
3433	4488
3580	4489
1769	4490
3901	4491
228	4492
2592	4493
209	4494
1873	4495
3801	4496
40	4497
1376	4498
761	4499
15	4500
927	4501
637	4502
4241	4503
3162	4504
681	4505
4502	4506
871	4507
404	4508
65	4509
1668	4510
4113	4511
5043	4512
2324	4513
292	4514
4598	4515
685	4516
885	4517
241	4518
26	4519
4928	4520
3489	4521
2602	4522
2936	4523
4327	4524
4462	4525
1663	4526
4087	4527
437	4528
1018	4529
232	4530
232	4531
232	4532
351	4533
4531	4534
5171	4535
2829	4536
235	4537
4868	4538
2769	4539
1039	4540
1170	4541
296	4542
4020	4543
296	4544
1589	4545
672	4546
422	4547
563	4548
20	4549
1254	4550
324	4551
299	4552
422	4553
4115	4554
987	4555
96	4556
4793	4557
3987	4558
4046	4559
1778	4560
1434	4561
1198	4562
162	4563
4795	4564
4936	4565
2776	4566
1315	4567
4189	4568
85	4569
136	4570
3780	4571
31	4572
66	4573
1085	4574
68	4575
91	4576
4586	4577
2011	4578
560	4579
2092	4580
4479	4581
661	4582
148	4583
483	4584
4702	4585
673	4586
401	4587
3051	4588
1223	4589
3847	4590
189	4591
189	4592
4131	4593
669	4594
2929	4595
3651	4596
2606	4597
2505	4598
566	4599
1000	4600
474	4601
1235	4602
1112	4603
189	4604
3899	4605
64	4606
1535	4607
3323	4608
3252	4609
4193	4610
592	4611
122	4612
332	4613
2707	4614
4861	4615
4061	4616
4872	4617
41	4618
3334	4619
321	4620
87	4621
1058	4622
292	4623
3530	4624
339	4625
874	4626
217	4627
1266	4628
452	4629
220	4630
3521	4631
296	4632
200	4633
4128	4634
1112	4635
4229	4636
1321	4637
226	4638
2999	4639
222	4640
119	4641
220	4642
1214	4643
1985	4644
1632	4645
845	4646
2124	4647
1128	4648
1218	4649
88	4650
588	4651
255	4652
190	4653
1773	4654
150	4655
2226	4656
307	4657
2671	4658
3803	4659
99	4660
221	4661
691	4662
1713	4663
5210	4664
1624	4665
197	4666
482	4667
561	4668
159	4669
1620	4670
56	4671
1318	4672
654	4673
1390	4674
237	4675
1197	4676
1748	4677
420	4678
1185	4679
3879	4680
830	4681
169	4682
1078	4683
4338	4684
1234	4685
513	4686
373	4687
3413	4688
671	4689
593	4690
161	4691
554	4692
2597	4693
1297	4694
2593	4695
1491	4696
434	4697
435	4698
4957	4699
200	4700
89	4701
3736	4702
402	4703
3212	4704
1231	4705
91	4706
1	4707
742	4708
47	4709
1667	4710
28	4711
2236	4712
2795	4713
262	4714
2578	4715
528	4716
4651	4717
4677	4718
98	4719
414	4720
1705	4721
3	4722
84	4723
84	4724
1741	4725
2030	4726
5123	4727
1607	4728
2495	4729
1306	4730
1977	4731
829	4732
2	4733
52	4734
956	4735
4	4736
1636	4737
4	4738
17	4739
25	4740
742	4741
63	4742
169	4743
192	4744
1207	4745
12	4746
3360	4747
147	4748
727	4749
1860	4750
24	4751
1	4752
52	4753
4592	4754
259	4755
174	4756
2573	4757
49	4758
3330	4759
145	4760
3	4761
15	4762
12	4763
3369	4764
478	4765
2572	4766
49	4767
493	4768
25	4769
115	4770
856	4771
2012	4772
256	4773
2868	4774
1045	4775
376	4776
62	4777
237	4778
15	4779
390	4780
1	4781
15	4782
3553	4783
4455	4784
3372	4785
823	4786
2494	4787
4354	4788
783	4789
131	4790
237	4791
6	4792
335	4793
171	4794
621	4795
2	4796
788	4797
4319	4798
184	4799
1670	4800
2	4801
119	4802
24	4803
319	4804
1127	4805
666	4806
451	4807
3793	4808
131	4809
2358	4810
5001	4811
47	4812
25	4813
18	4814
4191	4815
2	4816
115	4817
46	4818
81	4819
17	4820
52	4821
1	4822
81	4823
6	4824
146	4825
256	4826
24	4827
24	4828
2	4829
558	4830
83	4831
585	4832
218	4833
12	4834
1023	4835
72	4836
2382	4837
237	4838
1	4839
1407	4840
2580	4841
1	4842
3	4843
337	4844
10	4845
83	4846
1	4847
3889	4848
3	4849
6	4850
20	4851
7	4852
1	4853
3	4854
2138	4855
4	4856
15	4857
81	4858
3	4859
3	4860
24	4861
10	4862
12	4863
4	4864
7	4865
6	4866
3661	4867
4321	4868
24	4869
552	4870
46	4871
342	4872
46	4873
38	4874
3	4875
3	4876
1712	4877
18	4878
2	4879
850	4880
2407	4881
2	4882
7	4883
5184	4884
5185	4885
5172	4886
3609	4887
1696	4888
466	4889
582	4890
333	4891
46	4892
135	4893
4010	4894
3850	4895
1137	4896
108	4897
109	4898
108	4899
633	4900
1843	4901
2377	4902
5158	4903
1689	4904
3770	4905
4546	4906
4519	4907
1709	4908
5147	4909
3078	4910
78	4911
511	4912
63	4913
638	4914
998	4915
802	4916
2351	4917
25	4918
458	4919
263	4920
12	4921
4945	4922
173	4923
197	4924
1572	4925
3652	4926
1555	4927
1	4928
2	4929
1	4930
15	4931
3	4932
95	4933
317	4934
25	4935
2275	4936
3023	4937
266	4938
345	4939
1000	4940
95	4941
81	4942
998	4943
2	4944
1	4945
8	4946
16	4947
1097	4948
35	4949
3450	4950
33	4951
2153	4952
326	4953
1537	4954
107	4955
302	4956
310	4957
406	4958
146	4959
192	4960
152	4961
2798	4962
4001	4963
1676	4964
89	4965
187	4966
4853	4967
206	4968
508	4969
75	4970
2557	4971
1883	4972
3676	4973
364	4974
167	4975
410	4976
84	4977
1174	4978
49	4979
211	4980
142	4981
250	4982
5081	4983
313	4984
2554	4985
50	4986
359	4987
75	4988
143	4989
2395	4990
103	4991
1326	4992
5121	4993
181	4994
443	4995
314	4996
532	4997
898	4998
673	4999
918	5000
3320	5001
731	5002
32	5003
712	5004
4926	5005
202	5006
138	5007
1270	5008
464	5009
427	5010
2974	5011
3531	5012
249	5013
1915	5014
4439	5015
4472	5016
534	5017
1611	5018
3583	5019
4445	5020
4443	5021
3003	5022
358	5023
1104	5024
141	5025
1573	5026
247	5027
361	5028
441	5029
248	5030
1129	5031
316	5032
192	5033
3499	5034
48	5035
256	5036
1586	5037
1528	5038
182	5039
247	5040
247	5041
904	5042
397	5043
128	5044
57	5045
2463	5046
2982	5047
901	5048
709	5049
489	5050
161	5051
724	5052
2273	5053
382	5054
1836	5055
5105	5056
4834	5057
5107	5058
1584	5059
861	5060
345	5061
794	5062
884	5063
631	5064
631	5065
4713	5066
74	5067
1088	5068
732	5069
487	5070
8	5071
1665	5072
2960	5073
218	5074
4372	5075
1353	5076
599	5077
236	5078
4172	5079
4316	5080
3177	5081
136	5082
4382	5083
777	5084
2289	5085
165	5086
698	5087
3124	5088
424	5089
170	5090
2	5091
747	5092
4288	5093
135	5094
7	5095
969	5096
147	5097
53	5098
23	5099
35	5100
1534	5101
1385	5102
3863	5103
1253	5104
5007	5105
157	5106
1468	5107
4993	5108
1449	5109
2962	5110
479	5111
4832	5112
4340	5113
3161	5114
740	5115
1751	5116
1628	5117
11	5118
438	5119
199	5120
3928	5121
186	5122
3325	5123
4314	5124
5025	5125
2758	5126
307	5127
1118	5128
1631	5129
744	5130
503	5131
2662	5132
4090	5133
327	5134
3012	5135
2188	5136
26	5137
1281	5138
3819	5139
518	5140
459	5141
1276	5142
2816	5143
349	5144
2969	5145
1446	5146
1710	5147
5199	5148
820	5149
832	5150
1042	5151
4014	5152
239	5153
239	5154
846	5155
4336	5156
786	5157
39	5158
49	5159
117	5160
3250	5161
1083	5162
231	5163
40	5164
192	5165
4784	5166
653	5167
301	5168
4007	5169
151	5170
557	5171
1081	5172
91	5173
53	5174
962	5175
3144	5176
876	5177
2781	5178
2986	5179
4116	5180
4277	5181
897	5182
364	5183
710	5184
117	5185
53	5186
207	5187
2013	5188
973	5189
1455	5190
482	5191
3066	5192
4035	5193
3868	5194
1040	5195
1011	5196
1248	5197
4864	5198
1345	5199
322	5200
1231	5201
2272	5202
84	5203
169	5204
1426	5205
1217	5206
39	5207
2197	5208
978	5209
1002	5210
4185	5211
2267	5212
4164	5213
1570	5214
181	5215
1410	5216
144	5217
616	5218
2304	5219
244	5220
489	5221
75	5222
976	5223
4396	5224
352	5225
616	5226
176	5227
537	5228
350	5229
1590	5230
4346	5231
1221	5232
822	5233
4521	5234
4147	5235
2086	5236
3681	5237
1096	5238
4487	5239
1764	5240
1837	5241
4486	5242
4351	5243
2483	5244
5088	5245
126	5246
168	5247
242	5248
338	5249
427	5250
2184	5251
2419	5252
11	5253
4860	5254
3551	5255
4397	5256
1559	5257
799	5258
1349	5259
4637	5260
1812	5261
2177	5262
692	5263
1150	5264
101	5265
439	5266
2083	5267
984	5268
4627	5269
801	5270
4223	5271
1834	5272
1834	5273
455	5274
1626	5275
4065	5276
2062	5277
8	5278
246	5279
4905	5280
636	5281
1625	5282
3882	5283
4458	5284
3305	5285
924	5286
1550	5287
450	5288
32	5289
2354	5290
1357	5291
2336	5292
50	5293
159	5294
1583	5295
1201	5296
3032	5297
1381	5298
1050	5299
1048	5300
1913	5301
772	5302
51	5303
1417	5304
2085	5305
2812	5306
2594	5307
133	5308
334	5309
72	5310
2500	5311
1146	5312
385	5313
317	5314
64	5315
159	5316
363	5317
143	5318
1400	5319
1668	5320
159	5321
1	5322
3945	5323
2183	5324
2232	5325
1910	5326
361	5327
4291	5328
2944	5329
1752	5330
1754	5331
4827	5332
3367	5333
4555	5334
3365	5335
3366	5336
1122	5337
739	5338
4771	5339
2814	5340
1987	5341
288	5342
4160	5343
2310	5344
288	5345
288	5346
2775	5347
1684	5348
4367	5349
1743	5350
1825	5351
4162	5352
5128	5353
143	5354
241	5355
4213	5356
4216	5357
2794	5358
1744	5359
2813	5360
1594	5361
69	5362
209	5363
1418	5364
1389	5365
1687	5366
1360	5367
337	5368
2059	5369
121	5370
62	5371
765	5372
2	5373
1358	5374
568	5375
1707	5376
505	5377
4895	5378
2528	5379
2587	5380
520	5381
1922	5382
1923	5383
4646	5384
1179	5385
1974	5386
2181	5387
56	5388
4438	5389
2311	5390
630	5391
2008	5392
669	5393
863	5394
914	5395
3782	5396
1455	5397
415	5398
1141	5399
1633	5400
4967	5401
1891	5402
4161	5403
2281	5404
591	5405
702	5406
791	5407
234	5408
468	5409
4797	5410
445	5411
200	5412
1084	5413
4915	5414
3348	5415
1475	5416
2172	5417
158	5418
52	5419
350	5420
3254	5421
3759	5422
4889	5423
123	5424
2555	5425
4139	5426
3074	5427
1293	5428
3290	5429
1431	5430
925	5431
678	5432
2905	5433
5130	5434
1767	5435
215	5436
1033	5437
2018	5438
1524	5439
2321	5440
4623	5441
3474	5442
1701	5443
2979	5444
2288	5445
2425	5446
240	5447
1685	5448
1937	5449
1875	5450
2058	5451
3550	5452
3915	5453
3371	5454
4541	5455
4180	5456
4420	5457
3762	5458
1591	5459
657	5460
204	5461
1588	5462
725	5463
2942	5464
968	5465
4140	5466
2856	5467
541	5468
4830	5469
3649	5470
1708	5471
677	5472
4240	5473
455	5474
1074	5475
4527	5476
4978	5477
4311	5478
948	5479
3715	5480
819	5481
1122	5482
847	5483
3213	5484
774	5485
1671	5486
5057	5487
1684	5488
1282	5489
1437	5490
1065	5491
4069	5492
465	5493
4153	5494
3037	5495
3926	5496
955	5497
1555	5498
1316	5499
276	5500
3022	5501
2545	5502
992	5503
23	5504
1529	5505
3181	5506
217	5507
3079	5508
276	5509
3744	5510
3698	5511
193	5512
2655	5513
5005	5514
2867	5515
752	5516
2460	5517
560	5518
4845	5519
321	5520
2630	5521
46	5522
34	5523
34	5524
138	5525
4148	5526
229	5527
1608	5528
3663	5529
1031	5530
1587	5531
449	5532
4167	5533
148	5534
2216	5535
567	5536
171	5537
1205	5538
184	5539
3559	5540
436	5541
1146	5542
164	5543
2821	5544
338	5545
2817	5546
3523	5547
1660	5548
134	5549
3257	5550
671	5551
1224	5552
3381	5553
1256	5554
4612	5555
2489	5556
1184	5557
4596	5558
2107	5559
4511	5560
3569	5561
215	5562
1241	5563
620	5564
4285	5565
683	5566
890	5567
1746	5568
2330	5569
1209	5570
2955	5571
3026	5572
4182	5573
3042	5574
4823	5575
3016	5576
2547	5577
4201	5578
3528	5579
2099	5580
1430	5581
935	5582
176	5583
5011	5584
980	5585
3935	5586
3724	5587
4318	5588
3924	5589
3925	5590
2952	5591
1580	5592
1580	5593
1605	5594
2116	5595
3857	5596
1810	5597
1694	5598
947	5599
3089	5600
123	5601
1585	5602
1067	5603
2836	5604
746	5605
425	5606
2473	5607
605	5608
2474	5609
1067	5610
605	5611
1066	5612
1066	5613
605	5614
1136	5615
444	5616
610	5617
126	5618
5036	5619
842	5620
4698	5621
12	5622
153	5623
66	5624
751	5625
1467	5626
3665	5627
749	5628
5161	5629
5197	5630
2191	5631
5201	5632
849	5633
4840	5634
4132	5635
2016	5636
570	5637
4178	5638
96	5639
2948	5640
69	5641
590	5642
4386	5643
165	5644
1135	5645
458	5646
69	5647
3728	5648
5152	5649
1556	5650
927	5651
4561	5652
4142	5653
1340	5654
1012	5655
4909	5656
3741	5657
1259	5658
1302	5659
3029	5660
259	5661
1757	5662
2854	5663
1782	5664
4879	5665
1305	5666
428	5667
4892	5668
122	5669
307	5670
3191	5671
767	5672
1521	5673
1600	5674
84	5675
2476	5676
784	5677
1349	5678
4082	5679
1803	5680
4195	5681
959	5682
957	5683
2234	5684
2870	5685
4390	5686
771	5687
565	5688
604	5689
238	5690
31	5691
125	5692
173	5693
4200	5694
377	5695
401	5696
375	5697
252	5698
59	5699
102	5700
278	5701
293	5702
2847	5703
4699	5704
361	5705
1666	5706
4409	5707
2503	5708
1106	5709
4582	5710
2426	5711
1764	5712
2	5713
2	5714
3361	5715
587	5716
834	5717
230	5718
1776	5719
47	5720
2698	5721
4538	5722
2331	5723
42	5724
5100	5725
3024	5726
225	5727
1862	5728
411	5729
4593	5730
3978	5731
479	5732
88	5733
1827	5734
1763	5735
2045	5736
3308	5737
855	5738
4394	5739
3572	5740
3921	5741
4566	5742
5144	5743
1681	5744
3779	5745
2235	5746
3335	5747
4287	5748
1191	5749
561	5750
667	5751
482	5752
2301	5753
131	5754
668	5755
2881	5756
3777	5757
1867	5758
1674	5759
3575	5760
799	5761
4141	5762
125	5763
392	5764
2231	5765
3557	5766
1275	5767
1266	5768
2208	5769
375	5770
56	5771
39	5772
806	5773
690	5774
168	5775
3831	5776
90	5777
1046	5778
1049	5779
1098	5780
1098	5781
2392	5782
1053	5783
1053	5784
737	5785
1951	5786
1756	5787
4576	5788
2849	5789
4987	5790
1292	5791
1291	5792
4653	5793
3276	5794
4984	5795
4985	5796
3278	5797
3281	5798
879	5799
3285	5800
1291	5801
3275	5802
4982	5803
1802	5804
879	5805
4989	5806
4988	5807
4655	5808
1290	5809
4657	5810
4986	5811
1290	5812
5190	5813
4656	5814
5191	5815
1289	5816
1849	5817
3284	5818
1148	5819
1292	5820
3279	5821
1289	5822
674	5823
3659	5824
2764	5825
3688	5826
3647	5827
2805	5828
1175	5829
653	5830
2763	5831
3668	5832
3654	5833
240	5834
4866	5835
240	5836
36	5837
11	5838
22	5839
71	5840
22	5841
11	5842
11	5843
11	5844
11	5845
36	5846
36	5847
11	5848
11	5849
36	5850
36	5851
36	5852
71	5853
11	5854
22	5855
71	5856
244	5857
357	5858
11	5859
36	5860
4858	5861
22	5862
36	5863
36	5864
11	5865
11	5866
4165	5867
1195	5868
1777	5869
1777	5870
240	5871
225	5872
2486	5873
3309	5874
2837	5875
2588	5876
1789	5877
2835	5878
1786	5879
4976	5880
4470	5881
3388	5882
288	5883
3006	5884
2496	5885
4085	5886
649	5887
4660	5888
4862	5889
2664	5890
22	5891
5120	5892
2082	5893
3975	5894
4633	5895
3411	5896
797	5897
1983	5898
599	5899
557	5900
3428	5901
3986	5902
3989	5903
85	5904
1367	5905
528	5906
3432	5907
916	5908
3136	5909
4047	5910
1901	5911
160	5912
2254	5913
2487	5914
3393	5915
301	5916
2114	5917
682	5918
160	5919
889	5920
2380	5921
523	5922
522	5923
204	5924
3165	5925
640	5926
87	5927
606	5928
606	5929
2711	5930
277	5931
2340	5932
124	5933
279	5934
2402	5935
34	5936
614	5937
4893	5938
3630	5939
3467	5940
3060	5941
1606	5942
300	5943
4204	5944
1595	5945
146	5946
167	5947
3426	5948
1017	5949
2142	5950
65	5951
13	5952
778	5953
779	5954
1960	5955
698	5956
3539	5957
4999	5958
698	5959
1133	5960
4891	5961
3415	5962
5131	5963
1458	5964
674	5965
4852	5966
650	5967
1070	5968
2753	5969
2079	5970
4953	5971
2093	5972
3537	5973
1230	5974
499	5975
1230	5976
1228	5977
172	5978
3967	5979
600	5980
179	5981
361	5982
534	5983
180	5984
3359	5985
872	5986
499	5987
475	5988
475	5989
835	5990
76	5991
498	5992
4226	5993
1604	5994
76	5995
1692	5996
76	5997
76	5998
498	5999
76	6000
3047	6001
1603	6002
868	6003
2478	6004
383	6005
254	6006
3298	6007
246	6008
3610	6009
1402	6010
2453	6011
4417	6012
3314	6013
1501	6014
4376	6015
163	6016
519	6017
5211	6018
880	6019
4330	6020
5200	6021
1920	6022
4571	6023
2757	6024
1840	6025
98	6026
1577	6027
2797	6028
101	6029
101	6030
4454	6031
321	6032
1111	6033
3712	6034
347	6035
2570	6036
2228	6037
502	6038
502	6039
4851	6040
1387	6041
624	6042
624	6043
4206	6044
4083	6045
4881	6046
208	6047
842	6048
2097	6049
3840	6050
4689	6051
369	6052
5074	6053
796	6054
1280	6055
436	6056
1797	6057
4808	6058
4345	6059
310	6060
3954	6061
4710	6062
4707	6063
776	6064
3959	6065
4712	6066
4711	6067
776	6068
4715	6069
1723	6070
4361	6071
247	6072
341	6073
60	6074
341	6075
1337	6076
1526	6077
2446	6078
4686	6079
845	6080
1391	6081
1914	6082
3423	6083
1091	6084
2447	6085
110	6086
3139	6087
5180	6088
533	6089
316	6090
53	6091
333	6092
955	6093
274	6094
1908	6095
1330	6096
1239	6097
3435	6098
84	6099
2882	6100
3296	6101
1117	6102
4258	6103
4478	6104
1096	6105
464	6106
2921	6107
595	6108
295	6109
4856	6110
382	6111
1258	6112
806	6113
2313	6114
2770	6115
364	6116
527	6117
893	6118
318	6119
284	6120
1273	6121
402	6122
347	6123
556	6124
209	6125
1859	6126
2648	6127
115	6128
78	6129
711	6130
75	6131
249	6132
37	6133
709	6134
51	6135
51	6136
78	6137
141	6138
141	6139
4447	6140
607	6141
1754	6142
4826	6143
347	6144
284	6145
284	6146
212	6147
1157	6148
1063	6149
603	6150
4032	6151
4331	6152
279	6153
4364	6154
2793	6155
621	6156
389	6157
202	6158
72	6159
456	6160
2721	6161
396	6162
22	6163
3356	6164
4979	6165
713	6166
520	6167
840	6168
4664	6169
4378	6170
1652	6171
4265	6172
4635	6173
4381	6174
25	6175
3445	6176
471	6177
2576	6178
4674	6179
588	6180
3253	6181
4883	6182
2971	6183
944	6184
4051	6185
1341	6186
1004	6187
4123	6188
84	6189
4197	6190
4313	6191
2104	6192
994	6193
2488	6194
157	6195
2193	6196
209	6197
212	6198
3021	6199
3784	6200
2682	6201
3449	6202
289	6203
1567	6204
350	6205
4792	6206
3763	6207
3158	6208
2510	6209
2641	6210
191	6211
191	6212
4803	6213
267	6214
674	6215
509	6216
949	6217
209	6218
290	6219
4034	6220
2663	6221
139	6222
139	6223
1384	6224
2533	6225
74	6226
1086	6227
1800	6228
1800	6229
974	6230
974	6231
1414	6232
225	6233
597	6234
110	6235
897	6236
6	6237
348	6238
1357	6239
1856	6240
4532	6241
3216	6242
874	6243
608	6244
116	6245
121	6246
1476	6247
1473	6248
197	6249
603	6250
72	6251
375	6252
7	6253
4	6254
39	6255
173	6256
423	6257
304	6258
83	6259
124	6260
629	6261
3414	6262
384	6263
98	6264
248	6265
442	6266
29	6267
4	6268
847	6269
1288	6270
4846	6271
1805	6272
1189	6273
3573	6274
4766	6275
1308	6276
3529	6277
2934	6278
4650	6279
939	6280
4930	6281
2444	6282
123	6283
4272	6284
1180	6285
338	6286
49	6287
4914	6288
3512	6289
3229	6290
798	6291
1558	6292
1826	6293
3167	6294
543	6295
154	6296
2	6297
580	6298
1699	6299
1080	6300
961	6301
3040	6302
666	6303
3238	6304
1435	6305
158	6306
943	6307
3622	6308
184	6309
3683	6310
2019	6311
2958	6312
3984	6313
1083	6314
889	6315
2714	6316
592	6317
3179	6318
1678	6319
741	6320
4946	6321
1876	6322
2353	6323
2991	6324
86	6325
514	6326
4239	6327
3463	6328
4099	6329
799	6330
2464	6331
598	6332
3067	6333
149	6334
2998	6335
2217	6336
1965	6337
1093	6338
1919	6339
159	6340
2789	6341
435	6342
797	6343
4998	6344
66	6345
2015	6346
32	6347
4426	6348
3030	6349
2920	6350
3937	6351
890	6352
1782	6353
4252	6354
2629	6355
138	6356
909	6357
126	6358
3151	6359
117	6360
1652	6361
1007	6362
2552	6363
1060	6364
116	6365
3908	6366
4973	6367
1641	6368
1489	6369
3262	6370
1177	6371
1479	6372
881	6373
5173	6374
261	6375
640	6376
2820	6377
4429	6378
3098	6379
3094	6380
210	6381
4431	6382
5170	6383
3932	6384
98	6385
619	6386
460	6387
13	6388
861	6389
1765	6390
619	6391
3669	6392
1324	6393
769	6394
2490	6395
2405	6396
1054	6397
582	6398
394	6399
1693	6400
327	6401
2047	6402
2810	6403
48	6404
4055	6405
2866	6406
911	6407
287	6408
3955	6409
236	6410
5160	6411
865	6412
506	6413
2343	6414
4227	6415
5187	6416
3034	6417
238	6418
1535	6419
349	6420
782	6421
852	6422
197	6423
236	6424
451	6425
652	6426
268	6427
343	6428
3835	6429
4234	6430
468	6431
1999	6432
1885	6433
241	6434
86	6435
320	6436
1715	6437
1636	6438
318	6439
446	6440
2180	6441
116	6442
243	6443
1917	6444
1599	6445
56	6446
4170	6447
733	6448
101	6449
290	6450
2173	6451
1968	6452
725	6453
357	6454
2171	6455
2068	6456
936	6457
2070	6458
2084	6459
2621	6460
939	6461
2199	6462
973	6463
4297	6464
766	6465
5030	6466
3853	6467
1480	6468
801	6469
4583	6470
4577	6471
948	6472
4919	6473
796	6474
5183	6475
2838	6476
562	6477
878	6478
4626	6479
8	6480
1547	6481
6	6482
297	6483
4418	6484
2125	6485
1408	6486
2178	6487
4964	6488
331	6489
66	6490
157	6491
62	6492
3500	6493
900	6494
533	6495
181	6496
110	6497
252	6498
710	6499
2317	6500
881	6501
150	6502
710	6503
5175	6504
472	6505
4290	6506
3471	6507
268	6508
2150	6509
571	6510
129	6511
99	6512
1143	6513
4663	6514
1792	6515
1370	6516
1370	6517
1561	6518
344	6519
694	6520
5019	6521
1718	6522
1718	6523
4557	6524
4154	6525
1843	6526
5166	6527
5151	6528
4573	6529
96	6530
3700	6531
4428	6532
3576	6533
4621	6534
106	6535
108	6536
108	6537
4824	6538
1884	6539
241	6540
3081	6541
4850	6542
650	6543
5155	6544
867	6545
3591	6546
469	6547
5116	6548
1524	6549
3939	6550
202	6551
1509	6552
1632	6553
1752	6554
848	6555
1953	6556
3515	6557
1830	6558
5179	6559
3682	6560
4638	6561
630	6562
1200	6563
1106	6564
1247	6565
71	6566
71	6567
617	6568
1661	6569
877	6570
1661	6571
2316	6572
828	6573
828	6574
34	6575
34	6576
34	6577
1009	6578
756	6579
3641	6580
3680	6581
4042	6582
585	6583
2766	6584
559	6585
3592	6586
1916	6587
3488	6588
1879	6589
370	6590
1298	6591
3055	6592
3860	6593
2294	6594
3	6595
4972	6596
662	6597
1179	6598
343	6599
2388	6600
2387	6601
3734	6602
2668	6603
4888	6604
813	6605
1698	6606
3234	6607
1608	6608
4250	6609
4248	6610
1079	6611
1609	6612
3448	6613
2005	6614
2003	6615
650	6616
157	6617
231	6618
4235	6619
4231	6620
917	6621
1658	6622
18	6623
2772	6624
609	6625
4516	6626
2725	6627
1268	6628
154	6629
3214	6630
3076	6631
2106	6632
3454	6633
3456	6634
2108	6635
3455	6636
1683	6637
130	6638
790	6639
3194	6640
4435	6641
5129	6642
3707	6643
3643	6644
3716	6645
911	6646
1016	6647
269	6648
1439	6649
2194	6650
178	6651
488	6652
1416	6653
2	6654
408	6655
1654	6656
5095	6657
355	6658
419	6659
9	6660
86	6661
886	6662
3373	6663
2945	6664
1441	6665
1773	6666
1364	6667
609	6668
198	6669
2100	6670
2315	6671
2670	6672
2784	6673
937	6674
2660	6675
2646	6676
2618	6677
1789	6678
3444	6679
5080	6680
999	6681
46	6682
2780	6683
1192	6684
3720	6685
682	6686
2323	6687
1921	6688
2327	6689
1596	6690
2435	6691
265	6692
2266	6693
261	6694
3902	6695
394	6696
3104	6697
221	6698
448	6699
170	6700
716	6701
220	6702
386	6703
1369	6704
55	6705
309	6706
2831	6707
5195	6708
1832	6709
692	6710
4622	6711
1829	6712
251	6713
135	6714
1355	6715
4247	6716
5182	6717
1829	6718
106	6719
3236	6720
2479	6721
5092	6722
305	6723
1167	6724
649	6725
654	6726
3464	6727
5163	6728
4499	6729
1374	6730
4209	6731
4168	6732
2965	6733
4917	6734
2361	6735
4018	6736
4515	6737
263	6738
4544	6739
4276	6740
3749	6741
425	6742
1979	6743
1322	6744
875	6745
153	6746
4203	6747
349	6748
4763	6749
1745	6750
3678	6751
509	6752
591	6753
179	6754
4882	6755
2481	6756
445	6757
1421	6758
1206	6759
609	6760
2964	6761
1680	6762
3019	6763
1215	6764
4108	6765
3225	6766
741	6767
2691	6768
2771	6769
2967	6770
5010	6771
42	6772
773	6773
141	6774
3947	6775
773	6776
2390	6777
2811	6778
265	6779
303	6780
2861	6781
1695	6782
1750	6783
2608	6784
2611	6785
2607	6786
3010	6787
4041	6788
3732	6789
1150	6790
2678	6791
2292	6792
65	6793
130	6794
4601	6795
221	6796
581	6797
2542	6798
3422	6799
541	6800
2120	6801
4355	6802
542	6803
539	6804
923	6805
4847	6806
525	6807
787	6808
113	6809
65	6810
4021	6811
1369	6812
120	6813
286	6814
788	6815
65	6816
3999	6817
196	6818
754	6819
2027	6820
316	6821
1244	6822
3535	6823
4849	6824
3421	6825
1743	6826
1011	6827
4854	6828
3644	6829
2733	6830
2067	6831
2073	6832
566	6833
5078	6834
3261	6835
1687	6836
151	6837
1643	6838
2845	6839
2367	6840
1192	6841
1048	6842
4799	6843
4616	6844
26	6845
581	6846
298	6847
1980	6848
408	6849
715	6850
433	6851
436	6852
1232	6853
229	6854
153	6855
875	6856
1227	6857
85	6858
672	6859
686	6860
686	6861
4776	6862
99	6863
388	6864
821	6865
42	6866
4095	6867
391	6868
739	6869
219	6870
2751	6871
3376	6872
3375	6873
1522	6874
1329	6875
3377	6876
3938	6877
3927	6878
3934	6879
2826	6880
470	6881
2053	6882
1609	6883
2127	6884
2121	6885
934	6886
951	6887
1989	6888
660	6889
660	6890
1564	6891
1027	6892
4791	6893
162	6894
79	6895
888	6896
3061	6897
3053	6898
3062	6899
1222	6900
1012	6901
4542	6902
128	6903
4922	6904
1435	6905
1178	6906
3011	6907
1788	6908
2956	6909
538	6910
3301	6911
3809	6912
4894	6913
669	6914
2575	6915
3337	6916
5132	6917
1747	6918
3256	6919
332	6920
4039	6921
89	6922
3524	6923
432	6924
2716	6925
1693	6926
2071	6927
521	6928
2002	6929
4777	6930
514	6931
514	6932
1168	6933
1246	6934
3131	6935
1240	6936
3088	6937
720	6938
1245	6939
3468	6940
4275	6941
3694	6942
2859	6943
3140	6944
1656	6945
3148	6946
1597	6947
1237	6948
163	6949
1108	6950
1107	6951
714	6952
782	6953
2551	6954
1333	6955
74	6956
586	6957
4353	6958
4434	6959
2314	6960
352	6961
702	6962
3748	6963
1893	6964
602	6965
2902	6966
2063	6967
52	6968
2553	6969
2590	6970
71	6971
117	6972
2684	6973
3289	6974
915	6975
1076	6976
2088	6977
1670	6978
774	6979
3353	6980
3347	6981
6	6982
6	6983
341	6984
3849	6985
964	6986
1220	6987
34	6988
1880	6989
1595	6990
1835	6991
2534	6992
395	6993
26	6994
3458	6995
4518	6996
3196	6997
3039	6998
731	6999
3063	7000
1196	7001
4558	7002
3581	7003
9	7004
1682	7005
378	7006
3905	7007
5064	7008
180	7009
1447	7010
1819	7011
1821	7012
245	7013
111	7014
111	7015
142	7016
182	7017
75	7018
899	7019
111	7020
535	7021
60	7022
111	7023
360	7024
365	7025
249	7026
250	7027
246	7028
180	7029
535	7030
359	7031
251	7032
360	7033
79	7034
109	7035
538	7036
903	7037
248	7038
230	7039
524	7040
230	7041
78	7042
314	7043
252	7044
4741	7045
5065	7046
4749	7047
4750	7048
1822	7049
5061	7050
860	7051
857	7052
1725	7053
711	7054
4171	7055
2581	7056
110	7057
793	7058
875	7059
2109	7060
2282	7061
3130	7062
922	7063
3922	7064
4126	7065
1959	7066
1143	7067
3180	7068
4120	7069
670	7070
1881	7071
540	7072
1215	7073
2081	7074
5154	7075
50	7076
2417	7077
926	7078
540	7079
532	7080
2384	7081
2383	7082
3546	7083
1356	7084
2985	7085
2651	7086
512	7087
5204	7088
1582	7089
215	7090
1755	7091
283	7092
3753	7093
3483	7094
407	7095
689	7096
160	7097
640	7098
1135	7099
190	7100
1234	7101
266	7102
2792	7103
3806	7104
689	7105
355	7106
1459	7107
540	7108
22	7109
4230	7110
3374	7111
3656	7112
1056	7113
200	7114
203	7115
4620	7116
79	7117
7	7118
4514	7119
4005	7120
2996	7121
203	7122
358	7123
689	7124
2221	7125
3907	7126
1024	7127
2726	7128
2434	7129
35	7130
3684	7131
3582	7132
703	7133
523	7134
478	7135
738	7136
239	7137
3950	7138
884	7139
2320	7140
2039	7141
2502	7142
5212	7143
204	7144
2589	7145
3578	7146
5162	7147
1761	7148
2640	7149
1099	7150
2089	7151
3420	7152
1103	7153
48	7154
3916	7155
393	7156
204	7157
797	7158
4	7159
406	7160
201	7161
238	7162
3	7163
791	7164
105	7165
5193	7166
3071	7167
4966	7168
769	7169
420	7170
150	7171
3929	7172
52	7173
2	7174
258	7175
594	7176
285	7177
207	7178
2540	7179
120	7180
1070	7181
461	7182
2765	7183
387	7184
101	7185
34	7186
291	7187
3522	7188
1274	7189
210	7190
1276	7191
34	7192
85	7193
1488	7194
3332	7195
34	7196
2639	7197
29	7198
421	7199
64	7200
629	7201
4613	7202
3621	7203
185	7204
296	7205
2363	7206
2987	7207
1263	7208
833	7209
2325	7210
133	7211
699	7212
950	7213
5096	7214
4590	7215
926	7216
89	7217
91	7218
3565	7219
428	7220
420	7221
4011	7222
1806	7223
579	7224
2346	7225
1165	7226
4359	7227
589	7228
2200	7229
2467	7230
1177	7231
447	7232
3479	7233
4885	7234
1303	7235
2694	7236
4805	7237
2300	7238
1209	7239
519	7240
1222	7241
2872	7242
3993	7243
26	7244
722	7245
4017	7246
1602	7247
610	7248
2206	7249
3368	7250
586	7251
1549	7252
2688	7253
2833	7254
1848	7255
407	7256
268	7257
809	7258
137	7259
276	7260
4393	7261
1264	7262
1529	7263
950	7264
3706	7265
2980	7266
4787	7267
3114	7268
870	7269
218	7270
1477	7271
4942	7272
1748	7273
2619	7274
511	7275
1317	7276
1118	7277
515	7278
292	7279
3478	7280
5094	7281
515	7282
515	7283
515	7284
315	7285
74	7286
362	7287
335	7288
169	7289
3695	7290
1396	7291
303	7292
4981	7293
4968	7294
463	7295
351	7296
108	7297
526	7298
364	7299
75	7300
60	7301
78	7302
362	7303
365	7304
37	7305
79	7306
1911	7307
358	7308
1721	7309
17	7310
145	7311
4329	7312
7	7313
210	7314
4	7315
6	7316
38	7317
256	7318
7	7319
83	7320
3506	7321
1	7322
7	7323
7	7324
4781	7325
6	7326
26	7327
754	7328
4295	7329
3503	7330
334	7331
1460	7332
4	7333
74	7334
6	7335
6	7336
81	7337
39	7338
17	7339
7	7340
7	7341
47	7342
313	7343
1931	7344
252	7345
1432	7346
662	7347
64	7348
1690	7349
313	7350
1900	7351
1550	7352
3727	7353
1762	7354
971	7355
2145	7356
71	7357
2708	7358
914	7359
2213	7360
2452	7361
4292	7362
2065	7363
4050	7364
3251	7365
497	7366
1313	7367
527	7368
894	7369
524	7370
180	7371
180	7372
313	7373
230	7374
178	7375
250	7376
905	7377
489	7378
251	7379
75	7380
176	7381
2706	7382
276	7383
1113	7384
1026	7385
1026	7386
1027	7387
394	7388
2277	7389
1173	7390
320	7391
1837	7392
4236	7393
148	7394
428	7395
28	7396
4246	7397
4040	7398
1322	7399
4016	7400
1260	7401
2113	7402
366	7403
4782	7404
424	7405
3391	7406
241	7407
181	7408
473	7409
473	7410
2211	7411
1845	7412
1368	7413
993	7414
147	7415
1520	7416
3188	7417
1418	7418
1381	7419
3645	7420
748	7421
110	7422
2437	7423
282	7424
282	7425
299	7426
637	7427
790	7428
3973	7429
4494	7430
1481	7431
1304	7432
1068	7433
306	7434
2146	7435
95	7436
1395	7437
41	7438
190	7439
827	7440
510	7441
5164	7442
78	7443
111	7444
463	7445
3129	7446
1187	7447
1422	7448
800	7449
2783	7450
3438	7451
1107	7452
344	7453
975	7454
272	7455
4485	7456
2728	7457
294	7458
4114	7459
148	7460
2864	7461
470	7462
1770	7463
4661	7464
1307	7465
228	7466
661	7467
876	7468
1474	7469
1193	7470
752	7471
332	7472
684	7473
4595	7474
23	7475
2832	7476
199	7477
4375	7478
587	7479
3904	7480
273	7481
4254	7482
979	7483
435	7484
633	7485
137	7486
18	7487
389	7488
2637	7489
3895	7490
56	7491
353	7492
35	7493
1403	7494
1262	7495
3199	7496
184	7497
18	7498
845	7499
1311	7500
864	7501
2280	7502
2284	7503
920	7504
2430	7505
1327	7506
226	7507
29	7508
1323	7509
2970	7510
125	7511
1272	7512
5015	7513
231	7514
2371	7515
565	7516
2224	7517
4597	7518
3837	7519
2445	7520
2873	7521
50	7522
4955	7523
2043	7524
4950	7525
4954	7526
1791	7527
2090	7528
4370	7529
4526	7530
468	7531
602	7532
1799	7533
616	7534
5168	7535
1701	7536
1578	7537
3344	7538
103	7539
4565	7540
638	7541
1055	7542
2885	7543
4136	7544
3418	7545
171	7546
1102	7547
1582	7548
67	7549
2693	7550
3000	7551
525	7552
4687	7553
123	7554
144	7555
144	7556
144	7557
4804	7558
4828	7559
4427	7560
906	7561
1025	7562
2900	7563
4961	7564
4897	7565
2808	7566
4553	7567
86	7568
234	7569
69	7570
2364	7571
1759	7572
2049	7573
1947	7574
675	7575
32	7576
178	7577
7	7578
3340	7579
3	7580
5203	7581
3322	7582
3495	7583
1129	7584
829	7585
989	7586
477	7587
2376	7588
871	7589
2413	7590
1031	7591
1507	7592
4692	7593
1331	7594
1216	7595
612	7596
4267	7597
685	7598
466	7599
1972	7600
501	7601
3696	7602
88	7603
928	7604
1	7605
2014	7606
655	7607
105	7608
1443	7609
1716	7610
966	7611
1796	7612
29	7613
500	7614
4685	7615
4807	7616
197	7617
169	7618
242	7619
1389	7620
4614	7621
3	7622
4778	7623
3272	7624
55	7625
190	7626
3269	7627
863	7628
760	7629
259	7630
15	7631
62	7632
271	7633
1461	7634
329	7635
750	7636
1119	7637
370	7638
1641	7639
1328	7640
392	7641
2036	7642
49	7643
223	7644
453	7645
898	7646
3121	7647
291	7648
848	7649
472	7650
2	7651
1672	7652
23	7653
275	7654
3358	7655
329	7656
1462	7657
4425	7658
1682	7659
4991	7660
2262	7661
816	7662
1607	7663
2642	7664
458	7665
458	7666
1637	7667
430	7668
492	7669
5156	7670
411	7671
1444	7672
623	7673
4450	7674
2520	7675
162	7676
1254	7677
3518	7678
1445	7679
4495	7680
2643	7681
4906	7682
26	7683
4833	7684
4884	7685
4611	7686
225	7687
4199	7688
5117	7689
908	7690
1239	7691
513	7692
1780	7693
1170	7694
3733	7695
3054	7696
229	7697
210	7698
1253	7699
2415	7700
429	7701
433	7702
5037	7703
3085	7704
2219	7705
733	7706
85	7707
3491	7708
968	7709
1148	7710
4575	7711
4574	7712
3192	7713
90	7714
69	7715
2432	7716
26	7717
118	7718
283	7719
1126	7720
2647	7721
1642	7722
150	7723
132	7724
4071	7725
3589	7726
3723	7727
833	7728
1957	7729
1485	7730
690	7731
510	7732
1721	7733
1431	7734
3625	7735
125	7736
270	7737
382	7738
1299	7739
252	7740
902	7741
1969	7742
4549	7743
3240	7744
882	7745
1061	7746
4053	7747
1522	7748
42	7749
708	7750
247	7751
413	7752
2243	7753
5089	7754
1602	7755
4205	7756
2054	7757
2263	7758
4211	7759
1597	7760
4552	7761
3436	7762
3496	7763
333	7764
392	7765
17	7766
390	7767
5143	7768
1	7769
4129	7770
392	7771
907	7772
336	7773
2196	7774
786	7775
2160	7776
4261	7777
919	7778
1646	7779
530	7780
246	7781
1956	7782
251	7783
484	7784
4980	7785
3002	7786
1205	7787
5000	7788
693	7789
574	7790
1762	7791
135	7792
5051	7793
2782	7794
4101	7795
3237	7796
32	7797
1169	7798
883	7799
885	7800
3283	7801
22	7802
4934	7803
3556	7804
4086	7805
4559	7806
1228	7807
4368	7808
168	7809
166	7810
74	7811
833	7812
817	7813
415	7814
336	7815
4512	7816
2443	7817
5014	7818
3132	7819
7	7820
3765	7821
4391	7822
4	7823
2135	7824
2143	7825
257	7826
116	7827
2132	7828
957	7829
63	7830
224	7831
1323	7832
4	7833
3352	7834
1559	7835
192	7836
2087	7837
1453	7838
693	7839
1610	7840
3773	7841
4643	7842
2175	7843
766	7844
1283	7845
426	7846
1610	7847
244	7848
60	7849
442	7850
1792	7851
1912	7852
5140	7853
1325	7854
108	7855
16	7856
280	7857
4076	7858
3168	7859
4446	7860
4817	7861
3395	7862
316	7863
16	7864
346	7865
4605	7866
543	7867
577	7868
3679	7869
2038	7870
25	7871
35	7872
2842	7873
800	7874
4405	7875
115	7876
255	7877
1732	7878
185	7879
704	7880
1338	7881
46	7882
3956	7883
1696	7884
4215	7885
20	7886
295	7887
4951	7888
1823	7889
272	7890
319	7891
1784	7892
4952	7893
4890	7894
4543	7895
3747	7896
789	7897
597	7898
2925	7899
16	7900
12	7901
2271	7902
567	7903
1399	7904
1513	7905
432	7906
4214	7907
947	7908
1712	7909
5076	7910
24	7911
146	7912
3517	7913
5124	7914
2599	7915
4705	7916
1675	7917
838	7918
17	7919
1082	7920
1741	7921
2860	7922
4	7923
10	7924
3390	7925
4030	7926
342	7927
342	7928
194	7929
170	7930
396	7931
3600	7932
32	7933
318	7934
1797	7935
4956	7936
6	7937
186	7938
838	7939
494	7940
164	7941
985	7942
716	7943
1869	7944
1403	7945
25	7946
558	7947
4413	7948
529	7949
1736	7950
264	7951
1840	7952
597	7953
2205	7954
1219	7955
834	7956
185	7957
3638	7958
397	7959
5090	7960
1260	7961
366	7962
35	7963
4121	7964
1765	7965
834	7966
366	7967
24	7968
2	7969
5167	7970
2722	7971
2044	7972
25	7973
81	7974
610	7975
1195	7976
865	7977
1095	7978
24	7979
264	7980
2339	7981
829	7982
1847	7983
121	7984
1110	7985
285	7986
277	7987
2307	7988
202	7989
119	7990
285	7991
1206	7992
4969	7993
255	7994
85	7995
3994	7996
2499	7997
217	7998
211	7999
2809	8000
1679	8001
4150	8002
1212	8003
3300	8004
3900	8005
237	8006
3655	8007
1523	8008
2532	8009
3469	8010
4498	8011
4670	8012
49	8013
651	8014
1650	8015
307	8016
542	8017
439	8018
3731	8019
3357	8020
2704	8021
327	8022
1866	8023
3940	8024
19	8025
2279	8026
2283	8027
394	8028
2988	8029
1144	8030
4821	8031
5039	8032
2342	8033
137	8034
1030	8035
1030	8036
182	8037
59	8038
59	8039
59	8040
3362	8041
2161	8042
1223	8043
173	8044
500	8045
96	8046
618	8047
186	8048
1343	8049
5110	8050
141	8051
357	8052
250	8053
533	8054
534	8055
142	8056
2697	8057
1664	8058
45	8059
45	8060
3410	8061
1571	8062
279	8063
377	8064
1423	8065
1054	8066
1376	8067
3618	8068
2961	8069
243	8070
2028	8071
5013	8072
1853	8073
246	8074
531	8075
3086	8076
981	8077
572	8078
755	8079
1593	8080
4222	8081
4524	8082
1952	8083
124	8084
1019	8085
384	8086
3150	8087
4080	8088
163	8089
300	8090
385	8091
3025	8092
826	8093
4943	8094
343	8095
1351	8096
1700	8097
95	8098
160	8099
714	8100
3746	8101
554	8102
147	8103
732	8104
941	8105
1267	8106
457	8107
281	8108
569	8109
181	8110
1586	8111
3093	8112
101	8113
108	8114
4038	8115
500	8116
2896	8117
297	8118
1300	8119
429	8120
1176	8121
4794	8122
227	8123
1271	8124
1140	8125
47	8126
1742	8127
566	8128
1003	8129
73	8130
960	8131
2538	8132
677	8133
1326	8134
43	8135
4	8136
1252	8137
6	8138
3116	8139
1261	8140
1257	8141
5021	8142
5208	8143
1465	8144
58	8145
476	8146
1383	8147
3880	8148
322	8149
1811	8150
484	8151
1211	8152
1413	8153
2103	8154
3004	8155
658	8156
3789	8157
4326	8158
437	8159
691	8160
2154	8161
5018	8162
438	8163
481	8164
2666	8165
337	8166
722	8167
632	8168
451	8169
1394	8170
2723	8171
632	8172
922	8173
1601	8174
3351	8175
1402	8176
36	8177
4406	8178
3509	8179
216	8180
1860	8181
1296	8182
2312	8183
216	8184
437	8185
1296	8186
7	8187
83	8188
404	8189
404	8190
3532	8191
3052	8192
2366	8193
2169	8194
3722	8195
3459	8196
3230	8197
435	8198
687	8199
670	8200
3584	8201
1305	8202
3126	8203
1481	8204
64	8205
1622	8206
3786	8207
734	8208
194	8209
4641	8210
1172	8211
1483	8212
465	8213
304	8214
1279	8215
3818	8216
1707	8217
56	8218
581	8219
1479	8220
465	8221
289	8222
1590	8223
1515	8224
1329	8225
86	8226
2022	8227
164	8228
5082	8229
1120	8230
1021	8231
1616	8232
164	8233
3666	8234
1138	8235
678	8236
138	8237
28	8238
578	8239
813	8240
1425	8241
3504	8242
1613	8243
694	8244
426	8245
66	8246
1208	8247
4624	8248
751	8249
476	8250
1613	8251
1490	8252
1	8253
1123	8254
3802	8255
4028	8256
1310	8257
623	8258
101	8259
1280	8260
1299	8261
1350	8262
51	8263
1238	8264
23	8265
1037	8266
2680	8267
4303	8268
51	8269
1488	8270
1669	8271
2973	8272
260	8273
466	8274
3009	8275
300	8276
1386	8277
855	8278
331	8279
3185	8280
121	8281
1251	8282
260	8283
4870	8284
798	8285
421	8286
3776	8287
3492	8288
1927	8289
3783	8290
3417	8291
1697	8292
1514	8293
3258	8294
4298	8295
260	8296
4688	8297
3797	8298
1263	8299
755	8300
3842	8301
3077	8302
86	8303
1238	8304
3764	8305
3031	8306
695	8307
3974	8308
4323	8309
1320	8310
130	8311
2480	8312
849	8313
4207	8314
445	8315
1822	8316
258	8317
323	8318
2603	8319
5141	8320
88	8321
1	8322
12	8323
105	8324
1315	8325
4584	8326
3626	8327
804	8328
2098	8329
4395	8330
586	8331
190	8332
131	8333
2168	8334
26	8335
4344	8336
3519	8337
1635	8338
1181	8339
1181	8340
249	8341
442	8342
142	8343
142	8344
904	8345
472	8346
966	8347
4238	8348
4600	8349
938	8350
4349	8351
161	8352
3729	8353
275	8354
659	8355
1051	8356
625	8357
628	8358
1796	8359
3424	8360
3906	8361
483	8362
1139	8363
3498	8364
836	8365
1006	8366
1794	8367
2400	8368
1518	8369
292	8370
3897	8371
412	8372
183	8373
3108	8374
2319	8375
3484	8376
22	8377
2	8378
238	8379
4304	8380
3586	8381
4110	8382
757	8383
23	8384
4	8385
4960	8386
7	8387
480	8388
28	8389
3873	8390
4764	8391
1262	8392
1629	8393
1087	8394
2215	8395
3871	8396
62	8397
124	8398
2461	8399
2	8400
32	8401
3502	8402
3597	8403
2732	8404
3664	8405
3862	8406
1659	8407
3292	8408
1768	8409
3858	8410
87	8411
87	8412
87	8413
87	8414
3893	8415
1659	8416
455	8417
5045	8418
193	8419
718	8420
130	8421
536	8422
905	8423
179	8424
79	8425
79	8426
441	8427
758	8428
4043	8429
118	8430
456	8431
1269	8432
1269	8433
2823	8434
2504	8435
1567	8436
1037	8437
1638	8438
589	8439
1036	8440
2989	8441
659	8442
4869	8443
2972	8444
4780	8445
73	8446
3382	8447
282	8448
4649	8449
5103	8450
4636	8451
921	8452
484	8453
670	8454
282	8455
2689	8456
982	8457
72	8458
517	8459
268	8460
107	8461
615	8462
59	8463
2466	8464
938	8465
289	8466
211	8467
410	8468
2117	8469
1394	8470
1391	8471
1392	8472
2069	8473
988	8474
1574	8475
2422	8476
186	8477
2167	8478
5102	8479
1303	8480
34	8481
157	8482
88	8483
931	8484
51	8485
216	8486
4977	8487
2800	8488
1393	8489
3383	8490
444	8491
110	8492
527	8493
530	8494
111	8495
60	8496
489	8497
3983	8498
536	8499
108	8500
528	8501
230	8502
132	8503
313	8504
902	8505
3510	8506
3155	8507
981	8508
3848	8509
47	8510
52	8511
38	8512
4242	8513
1214	8514
322	8515
354	8516
12	8517
1404	8518
687	8519
844	8520
218	8521
2381	8522
963	8523
3756	8524
1456	8525
4400	8526
2526	8527
1151	8528
675	8529
1530	8530
1640	8531
3466	8532
3811	8533
5122	8534
3156	8535
4188	8536
2802	8537
340	8538
3315	8539
479	8540
3884	8541
1312	8542
1442	8543
3186	8544
1717	8545
2046	8546
3944	8547
3577	8548
1443	8549
276	8550
1092	8551
1207	8552
1426	8553
348	8554
3708	8555
1986	8556
4383	8557
3713	8558
4898	8559
896	8560
239	8561
13	8562
3477	8563
547	8564
55	8565
4921	8566
32	8567
545	8568
545	8569
494	8570
2061	8571
1064	8572
403	8573
358	8574
4015	8575
4037	8576
325	8577
261	8578
475	8579
1344	8580
3775	8581
6	8582
195	8583
2518	8584
2524	8585
2855	8586
2953	8587
2994	8588
1182	8589
986	8590
3579	8591
2787	8592
5053	8593
2759	8594
4937	8595
722	8596
4112	8597
953	8598
2398	8599
194	8600
4036	8601
184	8602
5118	8603
598	8604
2562	8605
2306	8606
4464	8607
194	8608
1372	8609
5148	8610
1841	8611
491	8612
589	8613
1452	8614
4783	8615
4645	8616
560	8617
277	8618
5198	8619
4266	8620
60	8621
4	8622
166	8623
298	8624
1359	8625
663	8626
1560	8627
3998	8628
333	8629
171	8630
1379	8631
3697	8632
615	8633
1601	8634
2423	8635
603	8636
323	8637
1091	8638
402	8639
705	8640
701	8641
72	8642
819	8643
1810	8644
4315	8645
3209	8646
990	8647
293	8648
1630	8649
2268	8650
1630	8651
5209	8652
5023	8653
308	8654
4324	8655
696	8656
4380	8657
2631	8658
324	8659
189	8660
111	8661
4026	8662
272	8663
30	8664
3127	8665
5214	8666
330	8667
1672	8668
1588	8669
1749	8670
1094	8671
4789	8672
4212	8673
2115	8674
439	8675
868	8676
1692	8677
62	8678
4859	8679
1758	8680
275	8681
1973	8682
273	8683
2585	8684
3979	8685
2348	8686
72	8687
553	8688
2922	8689
1025	8690
4070	8691
1723	8692
5054	8693
177	8694
1814	8695
1814	8696
4716	8697
4718	8698
5055	8699
4714	8700
892	8701
4706	8702
163	8703
3392	8704
877	8705
320	8706
444	8707
697	8708
3064	8709
40	8710
547	8711
4863	8712
846	8713
1007	8714
476	8715
1981	8716
208	8717
1124	8718
1071	8719
4013	8720
180	8721
831	8722
2658	8723
1824	8724
1339	8725
4403	8726
22	8727
4563	8728
116	8729
1698	8730
3147	8731
2899	8732
48	8733
1194	8734
2940	8735
319	8736
1287	8737
1028	8738
1558	8739
3128	8740
987	8741
355	8742
2293	8743
526	8744
2501	8745
910	8746
137	8747
555	8748
452	8749
29	8750
569	8751
551	8752
2458	8753
1466	8754
2455	8755
1760	8756
3389	8757
48	8758
436	8759
1229	8760
601	8761
4585	8762
1044	8763
4522	8764
626	8765
174	8766
232	8767
74	8768
4423	8769
148	8770
1942	8771
2129	8772
893	8773
4421	8774
3658	8775
3152	8776
3910	8777
3912	8778
36	8779
2583	8780
4452	8781
1049	8782
1100	8783
856	8784
4262	8785
1016	8786
430	8787
565	8788
3825	8789
1438	8790
2884	8791
908	8792
98	8793
3490	8794
1492	8795
493	8796
3851	8797
3419	8798
1136	8799
367	8800
530	8801
835	8802
2066	8803
76	8804
3520	8805
5192	8806
1361	8807
679	8808
71	8809
11	8810
412	8811
36	8812
2628	8813
542	8814
680	8815
2286	8816
1327	8817
20	8818
62	8819
4289	8820
4056	8821
1890	8822
1575	8823
728	8824
2031	8825
2939	8826
4158	8827
4873	8828
4063	8829
4190	8830
1420	8831
3038	8832
1995	8833
4186	8834
4675	8835
3210	8836
4482	8837
1364	8838
1666	8839
3109	8840
119	8841
3057	8842
3760	8843
3673	8844
2822	8845
340	8846
2983	8847
224	8848
4220	8849
2574	8850
2767	8851
1308	8852
1955	8853
2155	8854
5150	8855
112	8856
2198	8857
759	8858
52	8859
4	8860
38	8861
2906	8862
24	8863
748	8864
3767	8865
4644	8866
372	8867
266	8868
1	8869
2176	8870
4270	8871
24	8872
4293	8873
46	8874
807	8875
3293	8876
3497	8877
3619	8878
1406	8879
1325	8880
4513	8881
4708	8882
1332	8883
189	8884
121	8885
94	8886
2029	8887
143	8888
3171	8889
731	8890
1057	8891
50	8892
88	8893
1688	8894
106	8895
4899	8896
1685	8897
5133	8898
1213	8899
5196	8900
2890	8901
4460	8902
2997	8903
4109	8904
2839	8905
4933	8906
945	8907
132	8908
60	8909
37	8910
60	8911
37	8912
109	8913
75	8914
443	8915
179	8916
109	8917
2493	8918
1340	8919
1649	8920
37	8921
1649	8922
132	8923
179	8924
37	8925
37	8926
132	8927
132	8928
243	8929
37	8930
37	8931
37	8932
182	8933
109	8934
341	8935
290	8936
451	8937
3231	8938
618	8939
735	8940
4693	8941
862	8942
1324	8943
1828	8944
2411	8945
4465	8946
39	8947
22	8948
157	8949
4415	8950
69	8951
1164	8952
4358	8953
1427	8954
3800	8955
4388	8956
1785	8957
39	8958
120	8959
70	8960
1062	8961
1644	8962
2017	8963
2095	8964
339	8965
474	8966
1851	8967
3041	8968
1099	8969
1274	8970
2862	8971
907	8972
2025	8973
88	8974
851	8975
2485	8976
419	8977
123	8978
139	8979
1623	8980
4111	8981
10	8982
226	8983
5115	8984
5072	8985
707	8986
3968	8987
2700	8988
3220	8989
1874	8990
412	8991
813	8992
1440	8993
1475	8994
821	8995
236	8996
2362	8997
421	8998
587	8999
4874	9000
4377	9001
593	9002
408	9003
839	9004
4269	9005
518	9006
90	9007
3242	9008
3769	9009
3247	9010
1662	9011
2903	9012
90	9013
1236	9014
4965	9015
307	9016
4259	9017
3995	9018
4224	9019
4263	9020
4023	9021
3241	9022
106	9023
4666	9024
1101	9025
1233	9026
323	9027
963	9028
1669	9029
257	9030
1517	9031
3327	9032
672	9033
1411	9034
1929	9035
1846	9036
4509	9037
1332	9038
2853	9039
1060	9040
1127	9041
869	9042
234	9043
749	9044
2	9045
3143	9046
193	9047
199	9048
854	9049
2238	9050
134	9051
64	9052
453	9053
62	9054
5169	9055
125	9056
84	9057
1142	9058
195	9059
1826	9060
1544	9061
149	9062
56	9063
1673	9064
1516	9065
853	9066
836	9067
4278	9068
574	9069
1639	9070
4811	9071
153	9072
871	9073
130	9074
133	9075
481	9076
3291	9077
954	9078
72	9079
3141	9080
84	9081
344	9082
3792	9083
583	9084
28	9085
4772	9086
183	9087
619	9088
1655	9089
1656	9090
3794	9091
552	9092
377	9093
1	9094
1708	9095
224	9096
5091	9097
549	9098
280	9099
95	9100
1331	9101
996	9102
1317	9103
1075	9104
1004	9105
1711	9106
28	9107
4027	9108
1467	9109
449	9110
420	9111
1715	9112
4	9113
787	9114
73	9115
750	9116
1001	9117
1227	9118
3571	9119
3202	9120
585	9121
5044	9122
714	9123
3204	9124
3888	9125
3	9126
5189	9127
39	9128
4453	9129
3807	9130
153	9131
12	9132
155	9133
385	9134
194	9135
1398	9136
124	9137
4913	9138
2141	9139
124	9140
848	9141
3855	9142
274	9143
977	9144
696	9145
2	9146
867	9147
50	9148
52	9149
118	9150
816	9151
4992	9152
3169	9153
118	9154
126	9155
146	9156
137	9157
457	9158
811	9159
1282	9160
1217	9161
1772	9162
121	9163
1446	9164
4073	9165
2	9166
1640	9167
126	9168
107	9169
100	9170
342	9171
788	9172
2719	9173
2033	9174
3346	9175
1870	9176
1495	9177
1100	9178
1344	9179
2609	9180
1978	9181
4451	9182
1801	9183
4157	9184
119	9185
2522	9186
1719	9187
447	9188
811	9189
390	9190
25	9191
452	9192
1006	9193
1284	9194
1137	9195
4676	9196
223	9197
1116	9198
467	9199
1560	9200
33	9201
1401	9202
720	9203
2406	9204
1138	9205
1480	9206
389	9207
1643	9208
101	9209
4	9210
575	9211
264	9212
2233	9213
997	9214
695	9215
3142	9216
3854	9217
3830	9218
2773	9219
115	9220
2091	9221
15	9222
2686	9223
1907	9224
367	9225
549	9226
718	9227
198	9228
2347	9229
2287	9230
3203	9231
4591	9232
3321	9233
343	9234
414	9235
1242	9236
137	9237
2326	9238
391	9239
2334	9240
2332	9241
3219	9242
2852	9243
176	9244
683	9245
193	9246
1540	9247
48	9248
1300	9249
769	9250
8	9251
2379	9252
1600	9253
4093	9254
2123	9255
2926	9256
3693	9257
4343	9258
186	9259
4348	9260
1771	9261
681	9262
1658	9263
66	9264
2912	9265
1751	9266
1653	9267
2804	9268
331	9269
4411	9270
3817	9271
3075	9272
2535	9273
15	9274
3331	9275
620	9276
1213	9277
49	9278
2389	9279
1720	9280
1704	9281
1855	9282
3595	9283
327	9284
3227	9285
3480	9286
3173	9287
2654	9288
628	9289
1193	9290
4578	9291
1878	9292
635	9293
4929	9294
415	9295
52	9296
43	9297
312	9298
40	9299
57	9300
114	9301
132	9302
78	9303
708	9304
301	9305
3008	9306
2170	9307
1064	9308
5098	9309
411	9310
683	9311
168	9312
678	9313
66	9314
695	9315
2904	9316
1202	9317
3933	9318
4682	9319
1379	9320
3714	9321
1	9322
2673	9323
491	9324
25	9325
173	9326
3	9327
28	9328
4	9329
808	9330
90	9331
15	9332
978	9333
397	9334
135	9335
4079	9336
970	9337
1716	9338
991	9339
340	9340
1387	9341
4700	9342
3370	9343
37	9344
3913	9345
3917	9346
7	9347
77	9348
1132	9349
106	9350
106	9351
1115	9352
1850	9353
2246	9354
1401	9355
2724	9356
5205	9357
3306	9358
763	9359
90	9360
2560	9361
1208	9362
1104	9363
4477	9364
5114	9365
611	9366
34	9367
34	9368
72	9369
4994	9370
4652	9371
913	9372
671	9373
703	9374
47	9375
20	9376
1541	9377
600	9378
3739	9379
2790	9380
1581	9381
365	9382
536	9383
360	9384
903	9385
499	9386
4155	9387
2828	9388
749	9389
41	9390
1022	9391
32	9392
682	9393
40	9394
4630	9395
2768	9396
1041	9397
4588	9398
1441	9399
1041	9400
4260	9401
221	9402
1240	9403
1510	9404
744	9405
3623	9406
3612	9407
3611	9408
339	9409
4006	9410
177	9411
777	9412
777	9413
311	9414
1905	9415
892	9416
311	9417
611	9418
2394	9419
794	9420
352	9421
187	9422
2846	9423
469	9424
1570	9425
1581	9426
2212	9427
723	9428
1020	9429
2024	9430
699	9431
962	9432
656	9433
656	9434
1657	9435
348	9436
348	9437
1894	9438
1949	9439
1940	9440
5181	9441
4530	9442
1051	9443
1781	9444
3721	9445
617	9446
3687	9447
3918	9448
746	9449
4432	9450
1346	9451
1377	9452
245	9453
37	9454
538	9455
250	9456
535	9457
529	9458
443	9459
537	9460
2424	9461
1073	9462
127	9463
2329	9464
2258	9465
346	9466
975	9467
234	9468
14	9469
4747	9470
4754	9471
1735	9472
1819	9473
1019	9474
4876	9475
1817	9476
1	9477
2710	9478
6	9479
1815	9480
5060	9481
4743	9482
873	9483
5063	9484
1821	9485
873	9486
4735	9487
1726	9488
4739	9489
1729	9490
4744	9491
1740	9492
5067	9493
859	9494
1730	9495
4746	9496
5058	9497
5062	9498
859	9499
1534	9500
1734	9501
4724	9502
460	9503
18	9504
1815	9505
4737	9506
1731	9507
860	9508
18	9509
1732	9510
4745	9511
1726	9512
1190	9513
1820	9514
1737	9515
4725	9516
1738	9517
3	9518
39	9519
50	9520
4742	9521
272	9522
18	9523
100	9524
2	9525
5070	9526
4757	9527
916	9528
229	9529
811	9530
78	9531
887	9532
28	9533
130	9534
348	9535
1507	9536
291	9537
290	9538
142	9539
316	9540
12	9541
454	9542
8	9543
12	9544
363	9545
852	9546
135	9547
1499	9548
2566	9549
1185	9550
339	9551
917	9552
18	9553
433	9554
4052	9555
4631	9556
342	9557
652	9558
329	9559
941	9560
28	9561
3751	9562
297	9563
3674	9564
1621	9565
3843	9566
455	9567
2620	9568
1702	9569
3221	9570
315	9571
4145	9572
523	9573
3119	9574
1316	9575
1021	9576
993	9577
727	9578
279	9579
2420	9580
512	9581
2345	9582
867	9583
1500	9584
4493	9585
203	9586
65	9587
156	9588
29	9589
13	9590
70	9591
4918	9592
233	9593
4925	9594
5112	9595
1660	9596
496	9597
41	9598
676	9599
5119	9600
140	9601
2074	9602
51	9603
5084	9604
4365	9605
956	9606
3841	9607
4	9608
330	9609
730	9610
1354	9611
3585	9612
826	9613
2937	9614
5157	9615
2174	9616
4983	9617
969	9618
3138	9619
967	9620
967	9621
1224	9622
4562	9623
344	9624
3588	9625
522	9626
15	9627
4194	9628
2309	9629
635	9630
163	9631
2164	9632
994	9633
988	9634
3548	9635
2549	9636
3313	9637
2788	9638
2731	9639
2891	9640
4668	9641
4903	9642
2048	9643
5177	9644
1354	9645
2440	9646
830	9647
2712	9648
11	9649
1330	9650
2892	9651
1178	9652
548	9653
1288	9654
4337	9655
3465	9656
2825	9657
1350	9658
315	9659
5135	9660
248	9661
2163	9662
4671	9663
3028	9664
677	9665
85	9666
3050	9667
26	9668
1009	9669
480	9670
3558	9671
2595	9672
2638	9673
99	9674
4059	9675
1562	9676
3345	9677
430	9678
933	9679
302	9680
625	9681
1700	9682
183	9683
1825	9684
1898	9685
701	9686
4760	9687
1990	9688
1131	9689
2078	9690
1352	9691
1392	9692
930	9693
588	9694
309	9695
3633	9696
4963	9697
660	9698
1584	9699
1688	9700
1512	9701
4606	9702
171	9703
15	9704
501	9705
846	9706
3757	9707
1437	9708
1706	9709
3111	9710
118	9711
1508	9712
203	9713
1705	9714
3137	9715
4839	9716
46	9717
1836	9718
266	9719
149	9720
728	9721
3207	9722
209	9723
954	9724
1383	9725
1003	9726
384	9727
470	9728
972	9729
304	9730
2080	9731
935	9732
4322	9733
1855	9734
154	9735
338	9736
2539	9737
2865	9738
3640	9739
4366	9740
4075	9741
4416	9742
1382	9743
1388	9744
2717	9745
3470	9746
869	9747
157	9748
2858	9749
184	9750
3244	9751
4534	9752
463	9753
139	9754
139	9755
4639	9756
539	9757
2450	9758
2550	9759
1092	9760
2556	9761
2558	9762
363	9763
4829	9764
3541	9765
3544	9766
3543	9767
3542	9768
3549	9769
2436	9770
2523	9771
1776	9772
304	9773
406	9774
2600	9775
990	9776
1404	9777
3090	9778
5145	9779
1184	9780
3083	9781
3092	9782
3087	9783
1249	9784
992	9785
2818	9786
1384	9787
3123	9788
423	9789
37	9790
840	9791
1675	9792
1637	9793
1511	9794
138	9795
1686	9796
1046	9797
4271	9798
1271	9799
3642	9800
1277	9801
1258	9802
724	9803
4617	9804
1857	9805
869	9806
5028	9807
4310	9808
255	9809
2924	9810
1086	9811
539	9812
355	9813
1218	9814
53	9815
1565	9816
4210	9817
1139	9818
203	9819
937	9820
578	9821
32	9822
32	9823
4525	9824
2242	9825
161	9826
547	9827
1508	9828
2893	9829
1679	9830
1753	9831
4659	9832
2166	9833
34	9834
4908	9835
3508	9836
715	9837
1944	9838
3122	9839
1188	9840
4632	9841
388	9842
53	9843
497	9844
152	9845
576	9846
4	9847
1495	9848
1491	9849
1	9850
152	9851
3493	9852
123	9853
1449	9854
3115	9855
4357	9856
4683	9857
584	9858
2274	9859
431	9860
629	9861
53	9862
1771	9863
4995	9864
2525	9865
2497	9866
11	9867
1420	9868
591	9869
1654	9870
2930	9871
3667	9872
4924	9873
1591	9874
4923	9875
2657	9876
1933	9877
504	9878
1631	9879
1509	9880
4308	9881
4307	9882
1811	9883
870	9884
4990	9885
828	9886
273	9887
95	9888
1833	9889
4448	9890
219	9891
4508	9892
66	9893
223	9894
223	9895
1365	9896
154	9897
196	9898
2713	9899
1804	9900
2933	9901
161	9902
2295	9903
90	9904
863	9905
4	9906
3068	9907
4916	9908
408	9909
4356	9910
1832	9911
4609	9912
1433	9913
1516	9914
3338	9915
1301	9916
4410	9917
262	9918
1766	9919
1454	9920
1569	9921
4939	9922
843	9923
1746	9924
3453	9925
3100	9926
3101	9927
1243	9928
3861	9929
3299	9930
548	9931
946	9932
942	9933
2754	9934
3307	9935
1478	9936
47	9937
5126	9938
4958	9939
4625	9940
3056	9941
2918	9942
2919	9943
1587	9944
123	9945
3705	9946
442	9947
2209	9948
73	9949
577	9950
492	9951
492	9952
492	9953
3985	9954
3982	9955
1536	9956
1536	9957
1848	9958
711	9959
3685	9960
3394	9961
2102	9962
1851	9963
5004	9964
2101	9965
1371	9966
235	9967
2264	9968
758	9969
1424	9970
4208	9971
3505	9972
4105	9973
4878	9974
2883	9975
1877	9976
3059	9977
401	9978
1353	9979
1681	9980
493	9981
1781	9982
502	9983
2577	9984
2610	9985
3378	9986
1371	9987
895	9988
1189	9989
5086	9990
4341	9991
2709	9992
1346	9993
3425	9994
3639	9995
5020	9996
1423	9997
122	9998
242	9999
3599	10000
